4469;0;0;0
5158;-4;8;-159
5609;-5;7;-159
6060;-6;8;-158
6510;31;-104;-154
6961;-33;-167;-122
7411;104;-151;-92
7862;201;-44;-74
8317;147;-114;-47
8768;181;-93;-15
9219;154;-85;-13
9669;146;-179;-36
10121;246;-284;-79
10571;223;-393;-115
11022;114;-405;-137
11472;133;-336;-149
11923;206;-279;-158
12374;135;-171;-157
12825;159;-107;-154
13284;103;-154;-152
13737;115;-115;-150
14188;111;-98;-156
14640;77;-114;-167
15090;103;-74;-178
15541;123;-77;173
15992;89;-63;173
16443;116;-44;173
16896;91;-36;170
17347;104;-27;172
17809;99;0;173
18259;52;-84;173
18711;-14;-18;170
19162;-19;0;170
19613;-21;2;170
20064;-23;2;169
20514;-24;2;169
20965;-25;2;170
21415;-25;2;171
21869;-25;2;171
22320;-26;2;171
22780;-26;1;171
23231;-26;1;172
23682;-25;1;171
24133;-28;4;168
24584;-12;8;173
25034;10;18;150
25486;5;16;-105
25936;-32;12;-105
26388;-10;15;-64
26839;1;17;-35
27300;12;16;-23
27751;12;38;-38
28201;4;68;-29
28653;-12;75;-21
29104;-9;120;-18
29555;0;229;-26
30006;8;318;-22
30462;30;319;-106
30916;31;335;-151
31367;21;306;-134
31817;33;183;-120
32280;-17;142;-66
32731;-113;241;-45
33182;-464;518;-131
33634;-667;753;146
34085;-174;555;31
34536;-387;437;-18
34988;-465;415;144
35439;-223;230;158
35890;-349;277;108
36341;-202;222;-15
36804;-68;96;-32
37255;-22;15;-29
37706;16;-32;-30
38160;35;-39;-24
38610;21;7;-28
39061;-9;684;-33
39515;-1748;11;90
39966;-106;-595;-133
40418;-18;-163;-105
40868;12;0;-55
41319;9;90;-41
41782;12;51;-46
42232;7;22;-56
42686;8;6;-70
43137;-1;-8;-80
43587;1;-17;-76
44039;10;-13;-106
44489;0;3;-100
44940;1;8;-106
45391;0;-2;-40
45842;13;-3;-33
46306;24;103;-26
46757;29;152;-33
47208;0;107;-32
47660;0;49;-24
48113;-15;10;-20
48564;0;-228;-28
49015;4;-274;-49
49466;5;-205;-71
49916;18;-212;-98
50368;-6;-132;-107
50830;-10;-58;-103
51281;-4;16;-90
51732;-1;184;-38
52184;-3;135;-38
52634;13;64;-56
53086;8;30;-64
53536;2;18;-100
53987;5;13;-67
54440;2;26;-85
54891;63;17;-75
55343;38;18;-84
55804;75;14;-80
56258;53;12;-57
56712;12;12;-81
57162;-1;0;-79
57613;-16;4;-64
58064;-14;2;-55
58515;-5;0;-52
58966;3;0;-42
59416;9;-8;-39
59868;9;39;-54
60329;16;58;-61
60780;14;31;-61
61231;4;13;-57
61682;3;3;-101
62133;-23;-6;-123
62586;-18;-11;-28
63037;-6;-4;-46
63488;3;-1;-38
63939;17;31;-43
64390;-30;-12;-138
64840;-30;-10;-168
65302;-29;-7;-175
65752;-28;-6;-178
66202;-27;-6;-178
66653;-27;-5;-179
67103;-26;-4;-180
67555;-26;-4;-180
68005;-26;-3;179
68456;-26;-3;179
68907;-26;-3;179
69360;-26;-3;-180
69822;-25;-3;-179
70273;-25;-3;-179
70723;-25;-2;180
71177;-25;-2;179
71627;-25;-2;179
72079;-25;-2;179
72529;-25;-2;179
72980;-25;-2;179
73431;-25;-2;179
73881;-25;-2;179
74335;-25;-2;179
74797;-25;-2;-179
75247;-25;-2;-179
75699;-25;-2;180
76149;-25;-2;180
76600;-25;-2;-179
77050;-25;-2;-179
77501;-25;-2;-179
77952;-25;-2;-179
78403;-25;-2;180
78854;-25;-2;179
79315;-25;-2;179
79766;-25;-2;179
80217;-25;-2;179
80670;-25;-2;180
81121;-25;-2;-179
81571;-24;-2;-179
82025;-23;-2;-178
82476;-23;-4;-177
82927;-22;-4;-175
83380;-25;-2;-173
83843;-25;-2;-167
84293;-25;-1;-163
84744;-24;0;-164
85195;-18;1;-153
85646;0;21;-103
86096;19;28;-57
86547;18;23;-56
86998;12;16;-47
87449;6;13;-39
87900;0;13;-49
88350;0;12;-37
88812;-2;16;-49
89263;2;17;-44
89716;2;12;-52
90167;1;10;-31
90617;3;12;-31
91069;1;53;-39
91520;1;163;-31
91973;4;217;-33
92424;7;285;-30
92874;4;385;-32
93336;14;288;-25
93787;11;59;-160
94238;2;-18;-52
94689;15;62;-20
95139;6;163;-21
95589;-11;203;-21
96039;-126;242;-21
96491;-426;378;-27
96943;-521;547;-57
97393;-104;293;-150
97847;-254;182;131
98310;-372;202;19
98760;-218;105;130
99212;-246;105;15
99662;-348;165;175
100114;-373;163;134
100568;-407;162;37
101019;-441;210;12
101470;-441;169;3
101921;-523;161;15
102373;-609;204;131
102835;-427;161;99
103286;-133;11;145
103737;-77;-75;167
104188;-251;-13;14
104639;-319;24;11
105094;-473;142;-9
105544;-513;265;-12
105996;-387;258;-21
106447;-385;248;-34
106901;-498;342;-45
107353;-286;395;-65
107815;-123;233;-115
108266;-72;175;-177
108720;-66;109;-155
109171;-22;23;-179
109623;-69;39;-179
110073;-216;96;15
110525;-192;65;-7
110976;-146;32;0
111427;-60;2;40
111878;-2;-19;14
112343;18;-11;4
112793;32;-7;0
113244;25;0;-1
113695;11;8;-3
114146;3;13;-6
114596;3;12;-4
115048;2;12;-9
115499;-5;19;-11
115949;-13;353;-7
116401;-31;460;-3
116854;-76;726;-4
117316;-11;474;-8
117768;33;73;-19
118218;33;-162;-167
118670;25;-163;-156
119120;22;-93;-68
119575;3;-55;-167
120029;-9;-18;-162
120479;-16;-3;-161
120930;-15;13;-28
121381;-21;430;-16
121843;-1131;866;99
122295;-34;427;2
122745;18;111;107
123197;-80;0;-17
123648;-156;-5;-26
124099;-175;53;-50
124551;-102;64;-59
125001;-20;20;-63
125455;-7;0;-56
125906;5;-11;-55
126368;15;-7;-51
126819;3;-5;-38
127269;-4;2;-48
127723;-3;174;-38
128175;-1706;731;127
128625;-1739;-362;56
129077;-55;-364;-133
129527;-14;-112;-104
129979;-5;-24;-78
130429;-1;21;-91
130880;37;47;-77
131345;25;25;-46
131796;15;19;-38
132247;-18;5;-35
132698;-3;-41;-35
133149;-5;-57;-72
133602;7;-79;-50
134053;0;-112;-49
134504;-3;-174;-28
134955;3;-216;-28
135408;0;-208;-48
135870;6;-160;-79
136322;20;-117;-65
136772;4;-77;-73
137223;-7;-169;-83
137674;-28;-211;-106
138125;-5;-193;-110
138576;-4;-91;-90
139027;31;49;-77
139479;17;94;-43
139929;8;62;-72
140380;-9;23;-99
140841;1;-72;-155
141292;59;-72;-161
141746;63;-14;-117
142197;73;-17;-94
142648;24;0;-68
143098;2;-10;-84
143555;-19;-63;-101
144006;13;-23;-85
144457;20;19;-57
144908;12;31;-47
145370;3;-1;-46
145821;-3;-16;-62
146272;-1;-13;-61
146723;-1;-12;-74
147174;7;-1;-50
147624;9;0;-57
148076;5;-39;-90
148527;11;-113;-66
148977;6;-69;-58
149429;5;-32;-44
149894;7;-1;-66
150344;-16;4;-172
150796;-11;1;176
151246;-10;3;172
151700;-10;5;171
152151;-11;6;170
152602;-11;8;170
153053;-12;8;169
153503;-12;10;170
153955;-13;10;169
154405;-13;11;169
154867;-15;10;169
155318;-15;10;169
155769;-15;10;169
156223;-15;10;169
156674;-15;10;169
157124;-15;10;169
157576;-15;10;169
158026;-15;10;169
158480;-15;10;169
158930;-15;10;169
159392;-15;10;169
159844;-15;10;169
160294;-15;10;169
160748;-15;10;169
161199;-15;10;169
161649;-15;10;169
162101;-15;10;169
162551;-15;10;169
163002;-15;10;169
163453;-15;10;169
163904;-15;10;169
164364;-15;10;169
164814;-15;10;169
165265;-15;10;169
165716;-15;10;169
166167;-15;10;169
166618;-15;10;169
167071;-15;10;169
167522;-15;10;169
167972;-15;10;169
168426;-15;10;169
168886;-15;10;169
169336;-15;10;169
169787;-15;10;169
170240;-15;10;169
170690;-15;10;169
171141;-15;10;169
171591;-15;10;169
172043;-15;10;169
172493;-15;10;169
172944;-15;10;169
173394;-15;10;169
173854;-15;10;169
174305;-15;10;169
174756;-15;10;169
175207;-15;10;169
175661;-15;10;169
176111;-15;10;169
176562;-15;10;169
177012;-15;10;169
177463;-15;10;169
177913;-15;10;169
178372;-15;10;169
178824;-15;11;168
179274;-15;10;169
179728;-13;9;170
180178;-13;8;178
180632;-8;4;-177
181083;11;-1;-139
181533;9;2;-112
181984;4;1;-37
182434;4;0;-36
182894;3;4;-17
183345;2;17;-28
183795;2;23;-26
184249;4;14;-23
184699;4;9;-27
185150;4;6;-16
185601;0;11;-17
186051;-8;12;-18
186502;-6;7;-16
186952;-7;13;-35
187403;0;16;-17
187863;6;27;-28
188316;2;85;-32
188767;0;218;-29
189218;-1736;791;147
189669;-32;571;-38
190120;21;189;-102
190571;55;-56;-40
191022;43;-124;-30
191472;0;-81;-34
191924;-21;-70;-50
192386;-37;-36;-66
192836;-14;-136;-65
193288;1;-147;-118
193736;-8;-185;-141
194187;-1;-200;-156
194637;1;-209;-151
195088;-14;-127;-115
195539;-22;-59;-103
195990;-5;-133;-81
196444;18;-129;-88
196895;21;-28;-62
197355;25;63;-139
197806;12;46;-151
198257;-9;56;-149
198708;-8;62;-131
199159;-25;54;-145
199610;-11;21;-160
200060;4;-32;-159
200511;-1;-70;-142
200961;-30;-45;-108
201411;-13;-22;-136
201874;0;5;-77
202324;14;37;-44
202776;18;42;-42
203227;15;32;-29
203678;3;13;-44
204131;2;0;-50
204582;-2;-40;-105
205033;-7;-23;-172
205487;-10;-15;178
205937;-11;-8;175
206388;-13;-2;173
206851;-13;0;173
207301;-15;3;173
207752;-15;5;173
208202;-15;6;173
208653;-15;8;173
209106;-16;9;173
209557;-34;30;172
210009;-66;-324;176
210459;120;-653;-145
210911;650;-530;-98
211371;812;-635;-39
211822;686;-789;-5
212276;-791;-662;-114
212726;-278;-670;-17
213178;42;-436;92
213629;323;-381;132
214080;372;-442;136
214532;323;-430;130
214982;325;-516;126
215434;417;-605;135
215884;524;-550;143
216344;574;-496;138
216798;530;-439;140
217249;510;-389;136
217703;474;-413;133
218155;453;-522;137
218605;536;-638;146
219057;325;-497;132
219510;-152;-626;103
219962;-724;-408;72
220413;-760;-136;69
220873;-850;-7;62
221325;-757;27;70
221775;-875;-92;47
222227;-769;76;67
222678;-747;71;58
223129;-856;38;54
223581;-755;144;63
224031;-874;35;52
224483;-768;184;69
224933;-772;191;56
225385;-838;139;54
225845;-719;333;64
226298;-859;186;54
226752;-756;229;55
227204;-783;206;55
227655;-792;210;56
228106;-787;222;59
228559;-879;81;53
229011;-799;279;73
229463;-844;126;65
229913;-847;106;71
230373;-810;261;80
230824;-914;82;80
231275;-853;-357;86
231727;-267;-657;119
232177;220;-547;150
232629;240;-572;159
233080;327;-607;169
233531;443;-562;-175
233986;445;-368;-179
234436;355;-135;-176
234899;204;75;179
235351;211;-11;170
235801;95;-208;143
236253;-31;-85;115
236703;-32;-2;107
237155;31;16;108
237605;92;18;109
238057;89;13;109
238508;90;13;109
238958;92;13;109
239409;93;14;109
239868;94;14;109
240322;96;14;109
240773;96;15;109
241223;97;15;109
241674;97;15;109
242127;97;15;109
242578;97;15;109
243028;98;16;109
243482;98;15;109
243933;98;16;109
244392;98;16;109
244843;98;16;109
245294;98;16;109
245744;98;16;109
246195;98;16;109
246646;98;16;109
247097;98;16;109
247547;98;16;109
247998;98;16;109
248449;98;16;109
248900;98;16;109
249359;98;16;109
249809;98;16;109
250261;98;16;109
250712;98;16;109
251162;98;16;109
251613;98;16;109
252068;98;16;109
252520;98;16;109
252973;98;16;109
253423;98;16;109
253883;98;16;109
254333;98;16;109
254784;98;16;109
255235;98;16;109
255685;98;16;109
256137;98;16;109
256587;98;16;109
257038;98;16;109
257488;98;16;109
257939;98;16;109
258399;98;16;109
258849;98;16;109
259300;98;16;109
259750;98;16;109
260202;98;16;109
260655;98;16;109
261106;98;16;109
261559;98;16;109
262009;98;16;109
262460;98;16;109
262910;98;16;109
263370;98;16;109
263821;98;16;109
264271;98;16;109
264722;98;16;109
265172;98;16;109
265623;98;16;109
266077;98;16;109
266527;98;16;109
266978;98;16;109
267428;98;16;109
267888;98;16;109
268339;98;16;109
268789;98;16;109
269242;98;16;109
269692;98;16;109
270143;98;16;109
270594;98;16;109
271047;98;16;109
271498;98;16;109
271948;98;16;109
272399;98;16;109
272868;98;16;109
273318;98;16;109
273769;98;16;109
274220;98;16;109
274669;98;16;109
275120;98;16;109
275570;98;16;109
276021;98;16;109
276471;98;16;109
276922;98;16;109
277376;98;16;109
277829;98;16;109
278280;98;16;109
278732;98;16;109
279183;98;16;109
279633;98;16;109
280084;98;16;109
280538;98;16;109
280988;98;16;109
281439;98;16;109
281899;98;16;109
282349;98;16;109
282800;98;16;109
283250;98;16;109
283700;98;16;109
284150;98;16;109
284601;98;16;109
285051;98;16;109
285502;98;16;109
285953;98;16;109
286406;98;16;109
286860;98;16;109
287311;98;16;109
287762;98;16;109
288212;98;16;109
288663;98;16;109
289115;98;16;109
289565;98;16;109
290018;98;16;109
290468;98;16;109
290920;98;16;109
291382;98;16;109
291832;98;17;109
292283;98;17;109
292733;98;16;109
293185;100;16;109
293636;98;16;109
294086;98;16;109
294537;98;16;109
294990;99;16;109
295441;99;17;109
295892;99;16;109
296351;99;16;109
296802;99;16;109
297253;99;16;109
297704;100;16;109
298155;98;17;109
298605;98;16;109
299056;99;16;109
299507;99;16;109
299960;99;16;109
300411;99;16;109
300870;99;17;109
301322;99;16;109
301772;99;16;109
302223;99;16;109
302674;99;16;109
303125;100;17;109
303578;100;17;109
304029;100;16;109
304482;100;16;109
304932;99;17;109
305383;99;17;109
305843;99;17;109
306293;99;17;109
306744;108;5;111
307195;102;-49;109
307646;221;-244;124
308098;144;-270;168
308549;98;-242;-142
309003;133;-228;-105
309454;81;-204;-81
309905;95;-144;-78
310365;68;-172;-88
310816;40;-120;-100
311267;65;-115;-117
311718;75;-236;-129
312172;100;-283;-142
312624;160;-249;-152
313074;85;-281;-150
313526;54;-443;-156
313977;-12;-641;-163
314428;-155;-642;-178
314880;-43;-752;-177
315339;-44;-785;-178
315793;-250;-833;167
316248;-7;-721;-171
316698;-40;-476;-177
317150;-91;-225;-173
317600;-97;-33;-171
318052;-110;22;178
318502;-54;2;173
318954;-7;-15;172
319405;-7;-10;174
319863;-9;-4;175
320315;-9;-1;177
320768;-10;1;178
321219;-11;2;178
321670;-9;4;179
322120;-9;6;179
322572;-9;5;-178
323022;-9;8;-175
323473;-5;6;-165
323924;0;6;-145
324386;3;2;-131
324838;6;5;-111
325288;7;9;-63
325739;6;10;-47
326191;3;12;-44
326641;0;11;-41
327092;-2;36;-49
327543;-7;59;-39
327997;4;161;-34
328448;2;184;-31
328901;-14;193;-18
329361;4;209;-17
329811;24;204;-19
330263;28;178;-27
330714;26;164;-24
331165;10;164;-22
331616;18;160;-25
332067;17;167;-44
332521;8;159;-93
332972;21;143;-50
333423;-30;146;-38
333883;-60;166;-45
334334;-75;186;-57
334786;-158;194;-47
335237;-259;218;-39
335688;-417;279;0
336140;-468;364;17
336590;-401;394;2
337044;-570;480;-9
337496;-187;338;-61
337946;-180;167;-63
338398;-472;235;-109
338857;-468;273;-126
339309;-215;189;-104
339766;-79;144;-79
340216;-27;190;-43
340667;-11;240;-48
341118;-15;261;-38
341569;-4;257;-37
342021;-2;235;-36
342471;-5;217;-24
342922;61;234;-67
343382;121;232;-32
343833;194;232;-24
344285;291;221;-19
344735;292;214;-136
345187;259;204;-150
345640;256;174;-127
346092;257;148;-100
346543;270;142;-26
346994;306;138;-1
347448;292;164;18
347908;273;184;165
348359;280;175;-168
348811;299;173;7
349261;294;180;6
349713;282;177;133
350164;283;179;2
350615;262;183;-2
351067;257;182;-60
351520;263;184;-22
351972;137;162;-67
352422;92;169;-131
352882;68;185;-158
353334;43;188;-146
353787;28;186;-62
354239;37;174;-39
354693;11;184;-28
355143;-154;149;-50
355595;-357;180;-49
356045;-431;277;-35
356497;-418;319;-30
356948;-387;322;-10
357408;-276;264;8
357859;-101;247;17
358310;-36;229;11
358761;-184;174;2
359213;-282;173;-6
359663;-365;193;-10
360115;-396;225;-17
360566;-393;225;-43
361017;-387;222;-129
361468;-377;214;-175
361933;-384;180;131
362385;-391;154;91
362836;-422;184;0
363290;-488;238;-10
363742;-518;305;-13
364192;-518;388;-13
364644;-456;419;-12
365094;-250;289;-83
365546;-115;204;161
365997;-29;212;165
366448;2;244;151
366907;-30;216;77
367358;-261;166;21
367810;-401;181;56
368262;-480;243;33
368715;-475;300;-2
369166;-471;309;-27
369616;-471;265;-177
370068;-496;234;163
370522;-512;202;41
370972;-564;117;6
371432;-941;150;8
371884;-952;347;5
372335;-280;282;-6
372786;-246;67;-12
373237;-292;-42;11
373688;-282;-19;4
374139;-304;0;9
374592;-520;132;11
375044;-728;293;17
375494;-810;351;24
375948;-796;343;28
376408;-557;165;-2
376859;-466;133;1
377310;-318;81;58
377761;-192;187;122
378212;-69;67;172
378665;86;-103;6
379116;114;-118;0
379567;104;-87;-4
380018;90;-55;-7
380469;37;-18;-16
380929;10;26;-13
381379;-11;57;-8
381830;-77;99;-14
382281;-122;125;-19
382732;-153;130;-28
383185;-243;154;-33
383637;-282;167;-32
384088;-313;179;-35
384539;-303;180;-88
384991;-136;84;-8
385441;-17;-23;-13
385901;-120;-14;-7
386355;-421;115;-10
386808;-641;315;-14
387260;-620;498;-4
387712;-309;533;-13
388162;-315;457;-9
388614;-410;439;-39
389064;-310;401;-49
389515;-216;288;-50
389966;-106;144;-30
390428;-13;13;-11
390879;19;-30;-7
391330;31;-36;-8
391781;25;-25;-6
392231;18;-11;-14
392683;15;-37;-15
393134;-13;-793;-21
393584;-1739;89;102
394036;-148;443;-42
394486;0;30;-23
394946;34;-43;-13
395395;26;-51;-12
395846;27;-33;-129
396297;26;-20;-52
396747;12;-4;-24
397198;117;5;-24
397648;227;10;-26
398104;104;7;-32
398556;28;10;-32
399006;7;-232;-37
399457;-1751;-517;108
399917;-1515;624;49
400367;-84;292;-133
400819;-19;71;-52
401269;26;-31;-136
401721;0;-40;-100
402171;50;27;-58
402622;248;178;-40
403073;363;226;-38
403526;405;226;-31
403977;161;59;-33
404439;-44;1;-55
404889;-241;59;-38
405341;-404;190;-36
405794;-464;296;-38
406245;-394;278;-30
406696;-379;243;-4
407147;-414;264;0
407599;-462;296;146
408050;-424;309;143
408501;-193;115;92
408952;-190;2;102
409420;-364;19;19
409874;-457;88;150
410326;-436;157;147
410777;-489;206;5
411228;-457;235;-27
411681;-437;229;-57
412133;-318;140;-48
412584;-235;64;-13
413038;-193;108;-21
413489;-174;174;-16
413958;-146;190;-9
414409;-58;291;-17
414860;-17;372;-20
415311;-66;280;-26
415762;-128;206;-29
416214;-200;194;-41
416665;-241;228;-54
417116;-286;268;-38
417567;-277;312;-77
418018;-250;315;5
418469;-235;291;-1
418938;-215;273;-3
419389;-241;285;-10
419844;-234;293;-25
420297;-241;304;-68
420749;-232;300;-95
421202;-231;276;-148
421653;-214;274;-125
422105;-181;95;-31
422555;-1108;-632;-161
423007;-1498;239;62
423476;-342;208;-57
423927;-196;13;-32
424379;-149;47;-45
424829;-80;122;-89
425281;31;271;-15
425733;89;299;-17
426183;147;297;-19
426635;174;260;-151
427086;199;241;-73
427540;242;211;-35
428006;258;204;-46
428461;238;186;-17
428911;220;188;-134
429362;456;349;-145
429813;792;534;-174
430264;1190;657;171
430715;1256;706;-174
431166;118;483;-21
431618;148;346;0
432069;72;-116;6
432523;32;-124;21
432983;46;-94;21
433434;19;-131;14
433886;0;-247;24
434336;-95;-322;24
434791;-418;-202;27
435241;-536;-53;32
435693;-791;130;37
436145;-871;167;35
436598;-818;144;37
437050;-1677;145;32
437510;1030;186;20
437961;-181;167;3
438412;-176;122;33
438863;-186;76;28
439314;-179;60;34
439764;-175;48;51
440216;-171;39;67
440667;-170;32;78
441117;-168;28;84
441568;-167;24;88
442018;-166;21;90
442478;-165;19;90
442932;-164;17;91
443383;-165;16;91
443834;-164;16;91
444285;-164;15;91
444739;-163;14;91
445192;-163;14;91
445643;-163;14;91
446094;-162;13;91
446545;-162;12;91
447005;-162;12;91
447456;-162;12;91
447906;-162;12;91
448357;-162;12;91
448807;-162;12;91
449259;-162;12;91
449710;-162;12;91
450161;-162;12;91
450612;-162;12;91
451062;-162;12;91
451525;-162;12;91
451976;-162;12;91
452426;-162;12;91
452878;-162;12;91
453328;-162;12;91
453782;-162;12;91
454233;-162;12;91
454683;-162;12;91
455135;-162;12;91
455585;-162;12;91
456036;-162;12;91
456496;-162;12;91
456949;-162;12;91
457401;-162;12;91
457851;-162;12;91
458303;-162;12;91
458754;-162;12;91
459204;-162;12;91
459655;-162;12;91
460108;-162;12;91
460559;-162;12;91
461019;-162;12;91
461470;-162;12;91
461921;-162;12;91
462374;-162;12;91
462825;-162;12;91
463277;-162;12;91
463727;-162;12;91
464178;-162;12;91
464629;-162;12;91
465080;-162;12;91
465530;-162;12;91
465990;-162;12;91
466442;-162;12;91
466892;-162;12;91
467343;-162;12;91
467793;-162;12;91
468245;-162;12;91
468696;-162;12;91
469151;-162;12;91
469602;-162;12;91
470052;-162;12;91
470512;-162;12;91
470966;-162;12;91
471417;-162;12;91
471868;-162;12;91
472318;-162;12;91
472770;-162;12;91
473221;-162;12;91
473671;-162;12;91
474122;-162;12;91
474573;-162;12;91
475033;-162;12;91
475484;-162;12;91
475934;-162;12;91
476385;-162;12;91
476835;-162;12;91
477287;-162;12;91
477740;-162;12;91
478191;-162;12;91
478642;-162;12;91
479092;-162;12;91
479546;-162;12;91
480006;-162;12;91
480456;-162;12;91
480907;-162;12;91
481360;-162;12;91
481811;-162;12;91
482262;-162;12;91
482713;-161;12;91
483164;-161;12;91
483614;-162;12;91
484066;-162;12;91
484525;-162;12;91
484976;-162;12;91
485427;-162;12;91
485877;-161;12;91
486328;-162;12;91
486781;-161;12;91
487232;-161;12;91
487684;-161;12;91
488137;-161;12;91
488588;-161;12;91
489038;-161;12;91
489498;-161;12;91
489950;-161;12;91
490400;-161;12;91
490851;-161;12;91
491302;-161;12;91
491753;-161;12;91
492204;-161;12;91
492654;-161;12;91
493105;-161;12;91
493553;-161;12;91
494013;-161;12;91
494464;-161;12;91
494915;-161;12;91
495369;-161;12;91
495819;-161;12;91
496270;-161;12;91
496723;-161;12;91
497174;-161;12;91
497626;-161;12;91
498076;-161;12;91
498527;-161;12;91
498987;-161;12;91
499437;-161;12;91
499888;-161;12;91
500338;-161;12;91
500789;-161;12;91
501239;-161;12;91
501690;-161;12;91
502140;-161;12;91
502592;-161;12;91
503043;-161;12;91
503502;-161;12;91
503953;-161;12;91
504402;-161;12;91
504853;-161;12;91
505309;-161;12;91
505760;-161;12;91
506211;-161;12;91
506661;-161;12;91
507113;-161;12;91
507564;-161;12;91
508014;-161;12;91
508474;-161;12;91
508924;-161;12;91
509376;-161;12;91
509827;-161;12;91
510277;-161;12;91
510729;-161;12;91
511179;-161;12;91
511630;-161;12;91
512080;-161;12;91
512531;-161;12;91
512993;-161;12;91
513443;-161;12;91
513897;-161;12;91
514349;-161;12;91
514799;-161;12;91
515250;-161;12;91
515700;-161;12;91
516152;-161;12;91
516602;-161;12;91
517053;-161;12;91
517516;-161;12;91
517966;-161;12;91
518417;-161;12;91
518868;-161;12;91
519319;-161;12;91
519770;-161;12;91
520220;-161;12;91
520671;-161;12;91
521121;-161;12;91
521574;-161;12;91
522024;-161;12;91
522487;-161;12;91
522938;-161;12;91
523388;-161;12;91
523839;-161;12;91
524290;-161;12;91
524740;-161;12;91
525192;-161;12;91
525642;-161;12;91
526093;-161;12;91
526543;-161;12;91
527003;-161;12;91
527454;-161;12;91
527904;-161;12;91
528355;-161;12;91
528806;-161;12;91
529257;-161;12;91
529711;-161;12;91
530161;-161;12;91
530614;-161;12;91
531067;-161;12;91
531518;-161;12;91
531978;-161;12;91
532428;-161;12;91
532879;-161;12;91
533330;-161;12;91
533781;-161;12;91
534232;-161;12;91
534682;-161;12;91
535133;-161;12;91
535583;-161;12;91
536034;-161;12;91
536488;-161;12;91
536939;-161;12;91
537390;-161;12;91
537840;-161;12;91
538291;-161;12;91
538741;-161;12;91
539193;-161;12;91
539649;-161;12;91
540099;-161;12;91
540550;-161;12;91
541001;-161;12;91
541460;-161;12;91
541914;-161;12;91
542364;-161;12;91
542816;-161;12;91
543266;-161;12;91
543717;-161;12;91
544167;-161;12;91
544618;-161;12;91
545069;-161;12;91
545519;-161;12;91
545979;-161;12;91
546429;-161;12;91
546880;-161;12;91
547332;-161;12;91
547782;-161;12;91
548238;-161;12;91
548688;-161;12;91
549139;-161;12;91
549590;-161;12;91
550040;-161;12;91
550505;-161;12;91
550956;-161;12;91
551406;-161;12;91
551858;-161;12;91
552308;-161;12;91
552759;-161;12;91
553209;-161;12;91
553660;-161;12;91
554113;-161;12;91
554563;-161;12;91
555014;-161;12;91
555468;-161;12;91
555919;-161;12;91
556369;-161;12;91
556823;-161;12;91
557276;-161;12;91
557727;-161;12;91
558178;-161;12;91
558628;-161;12;91
559080;-161;12;91
559531;-161;12;91
559990;-161;12;91
560441;-161;12;91
560892;-161;12;91
561343;-161;12;91
561795;-161;12;91
562245;-161;12;91
562696;-161;12;91
563146;-161;12;91
563597;-161;12;91
564047;-161;12;91
564498;-161;12;91
564958;-161;12;91
565411;-161;12;91
565865;-161;12;91
566319;-161;12;91
566769;-160;12;91
567220;-160;12;91
567670;-160;12;91
568121;-163;12;91
568572;-183;43;92
569023;-229;101;94
569483;-282;-41;94
569934;-242;-151;83
570385;-206;-27;104
570836;-65;-84;91
571288;-111;3;97
571739;-99;-241;81
572189;100;-418;104
572640;487;-417;143
573091;438;-518;166
573545;503;-601;-172
574007;525;-553;-171
574458;568;-479;-170
574910;485;-607;-176
575361;628;-532;178
575812;662;-508;-175
576264;687;-457;-179
576714;746;-421;-178
577166;651;-475;170
577619;785;-398;-178
578071;717;-454;-171
578523;686;-458;-172
578982;688;-558;-166
579433;814;-510;-158
579885;483;-491;-178
580335;348;-497;-177
580789;455;-662;-146
581239;651;-627;-128
581691;37;-662;-177
582141;185;-545;-176
582595;345;-384;-169
583047;416;-328;-171
583511;409;-254;179
583962;385;-149;178
584413;382;-88;-179
584864;302;-49;-171
585316;254;43;-166
585766;358;-2;-166
586218;294;-81;-157
586669;320;-21;-160
587120;422;-137;-164
587571;421;-251;-167
588022;422;-284;-174
588487;471;-307;-172
588939;472;-280;-166
589389;386;-324;-161
589841;424;-360;-149
590292;429;-301;-152
590743;361;-100;-155
591197;487;-77;-162
591647;726;-109;-164
592098;575;-175;-157
592549;414;-380;-148
593009;413;-476;-137
593461;486;-652;-118
593911;666;-701;-101
594363;681;-710;-104
594813;610;-681;-124
595264;684;-578;-131
595719;564;-540;-137
596169;511;-553;-135
596621;480;-545;-139
597071;594;-545;-132
597523;637;-585;-123
597983;575;-610;-122
598434;560;-610;-125
598888;858;-710;-96
599339;730;-689;-118
599788;365;-652;-156
600239;453;-521;-157
600690;477;-347;-167
601141;432;-399;-151
601592;485;-435;-136
602044;612;-432;-126
602504;619;-369;-132
602957;612;-373;-127
603409;620;-317;-128
603860;677;-279;-123
604312;675;-343;-120
604763;737;-275;-114
605214;653;-323;-115
605665;603;-300;-120
606116;603;-202;-121
606567;660;-246;-119
607019;646;-260;-118
607478;625;-212;-124
607932;686;-267;-120
608384;619;-295;-122
608835;577;-266;-125
609286;610;-285;-119
609740;639;-270;-116
610191;580;-294;-123
610644;589;-366;-120
611095;608;-301;-118
611547;602;-346;-114
612006;624;-364;-115
612458;587;-288;-115
612909;628;-280;-117
613360;620;-304;-121
613812;584;-309;-124
614263;555;-346;-127
614714;491;-355;-135
615165;378;-318;-151
615616;378;-249;-163
616068;411;-258;-162
616529;419;-358;-164
616981;199;-370;-174
617433;165;-302;-174
617886;151;-87;-167
618337;69;43;-163
618788;233;33;-166
619239;482;-132;-163
619691;438;-379;-151
620144;446;-425;-146
620596;574;-461;-133
621047;663;-543;-128
621507;810;-645;-115
621959;939;-696;-103
622409;637;-841;-122
622861;-1126;-845;67
623311;-171;-870;157
623763;284;-828;-164
624214;-43;-779;161
624664;0;-731;158
625121;343;-639;-171
625572;328;-366;-156
626031;270;-318;-158
626483;382;-270;-152
626934;0;76;-172
627385;-320;226;179
627836;-93;131;144
628287;-42;48;119
628739;-4;23;124
629189;10;-11;132
629641;17;-6;136
630091;20;-4;138
630542;22;-2;139
631002;22;-3;140
631455;24;-3;140
631906;24;5;139
632356;26;6;139
632809;12;-6;139
633261;24;3;139
633714;6;-13;140
634165;8;-11;139
634615;9;-11;139
635066;9;-11;139
635526;9;-11;139
635976;10;-10;139
636428;6;-13;139
636878;9;-10;139
637329;8;-12;139
637780;17;-3;139
638231;26;4;139
638682;21;0;139
639132;26;4;139
639583;23;2;139
640041;23;1;139
640492;23;1;139
640944;21;1;139
641393;23;1;139
641847;23;1;139
642299;23;1;139
642750;26;4;140
643202;5;-16;140
643652;13;-5;140
644103;5;-15;139
644556;19;-1;139
645016;14;-15;140
645467;106;-3;137
645917;36;-78;140
646369;18;-44;142
646819;8;0;141
647270;8;0;140
647720;9;1;140
648171;5;0;140
648622;5;0;139
649072;4;0;139
649532;5;0;139
649982;5;0;140
650433;5;0;140
650889;5;0;140
651339;5;1;140
651790;4;2;140
652240;4;2;140
652691;4;1;140
653142;134;-89;114
653592;-148;-153;17
654044;22;23;-20
654503;-9;4;-38
654954;-9;8;-58
655404;-6;11;-79
655854;-5;15;-72
656305;-3;18;-72
656755;-3;20;-71
657206;-1;23;-72
657656;0;23;-72
658110;0;24;-73
658561;0;26;-66
659019;-2;25;-57
659476;-2;24;-54
659927;-2;22;-53
660377;-2;22;-51
660828;-2;23;-49
661278;-3;24;-48
661729;-3;21;-48
662179;-4;19;-42
662631;-1;0;-35
663081;3;13;-29
663541;6;56;-26
663992;8;34;-28
664442;8;11;-30
664893;13;3;-30
665345;79;3;-36
665795;33;5;-38
666246;-169;19;-31
666696;104;11;-23
667148;20;24;-32
667601;-5;5;-32
668054;-12;224;-30
668514;-5;256;-27
668965;2;173;-27
669416;31;-272;-28
669867;0;-368;-34
670318;-13;-165;-41
670772;-41;260;-32
671222;-48;379;-19
671674;-12;112;-23
672125;-1;-64;-25
672576;14;-21;-24
673036;15;-7;-43
673487;7;9;-31
673938;-1;16;-25
674388;0;10;-23
674840;-7;-128;-20
675292;-12;-417;-25
675742;-9;-40;-30
676198;-13;305;-24
676649;-7;406;-23
677100;8;-42;-20
677551;13;-373;-23
678010;4;-40;-27
678462;-11;291;-28
678913;-17;147;-24
679363;-84;68;-76
679815;-125;104;-38
680265;-57;89;-26
680717;38;294;-10
681167;-15;312;5
681619;3;392;0
682070;36;373;-6
682529;2;141;-33
682983;-171;93;-20
683435;-303;189;-21
683888;-301;311;-41
684342;-288;464;-137
684793;-198;499;171
685245;-236;473;157
685696;-293;468;66
686147;-203;446;8
686598;-208;336;-27
687057;-88;138;-20
687509;-22;-156;-19
687960;-11;-80;-22
688411;3;-21;-21
688862;20;1;-22
689312;23;-108;-24
689764;31;-362;-28
690214;16;-254;-29
690665;2;128;-24
691119;12;42;-31
691570;2;3;-37
692030;0;-9;-36
692481;-144;114;-40
692934;-156;281;-33
693385;-87;378;-16
693836;-58;419;-11
694287;-33;405;-12
694742;30;141;-15
695192;67;-36;-46
695644;25;-195;-87
696095;28;-545;-61
696555;25;-345;-47
697006;13;-250;-23
697457;8;-420;-25
697909;-35;-127;-38
698359;-23;-24;-32
698814;-3;10;-37
699265;0;29;-32
699715;1;35;-30
700167;5;32;-35
700617;113;-6;-42
701071;60;21;-41
701531;26;1;-28
701982;-9;-23;-39
702433;61;-3;-37
702883;30;43;-36
703335;23;133;-33
703785;92;101;-28
704237;118;37;-31
704688;73;-3;-31
705139;42;0;-30
705590;5;23;-28
706050;-12;48;-30
706500;-14;48;-26
706954;-6;23;-23
707407;-37;3;-24
707859;-181;-9;-20
708310;-108;-7;-11
708761;-22;-6;-8
709215;10;0;-13
709665;20;-5;-13
710116;21;-27;-17
710576;12;-41;-23
711027;1;-16;-24
711478;4;-68;-25
711929;-8;-55;-25
712380;-9;-2;-31
712832;-1;29;-27
713282;20;1;-22
713733;11;-40;-19
714184;-18;-19;-11
714638;-73;8;-17
715088;-44;20;-24
715548;-10;-21;-21
716000;5;-16;-22
716450;11;-4;-22
716902;13;1;-22
717352;8;6;-22
717806;7;7;-20
718257;2;9;-21
718707;-33;8;-20
719159;-18;-64;-19
719609;-9;-31;-17
720071;0;-10;-19
720522;-3;1;-26
720973;-4;9;-24
721424;-4;37;-23
721874;-5;25;-25
722326;-3;15;-25
722777;-1;8;-23
723229;-1;4;-22
723680;-2;5;-22
724130;-2;9;-23
724582;0;8;-20
725041;3;6;-21
725491;2;11;-22
725945;-3;12;-25
726395;0;10;-28
726846;3;0;-28
727297;3;0;-25
727747;0;-3;-18
728198;-8;0;-22
728649;-55;3;-16
729100;-125;9;-13
729560;-137;12;-11
730011;-44;27;-12
730462;44;14;-11
730913;45;5;-17
731367;23;13;-22
731817;1;27;-21
732268;-3;16;-23
732719;-9;14;-25
733172;-6;6;-29
733623;-2;8;-32
734085;0;12;-34
734535;-1;12;-146
734987;-25;5;-124
735437;-6;3;-112
735888;-5;3;-117
736338;-3;2;-123
736789;-2;2;-128
737240;-1;1;-130
737690;0;0;-131
738141;0;0;-132
738591;0;0;-132
739050;1;0;-133
739501;0;-3;-133
739954;0;-2;-132
740405;0;-2;-133
740855;0;-2;-134
741306;1;-1;-134
741756;0;-3;-133
742207;1;-1;-133
742660;0;-2;-134
743110;0;-3;-134
