4494;-1;0;60;0;0;0
5275;-6;8;494;0;1;0
5726;-6;7;495;-1;0;0
6175;-149;-46;614;63;-8;-18
6626;-14;-98;409;-131;-64;293
7076;12;-89;451;-54;-2;401
7528;136;-162;427;44;60;151
7979;176;4;366;91;0;53
8434;130;-56;445;-39;-88;156
8885;238;-92;478;-45;90;-70
9335;141;-81;426;28;-90;-208
9786;98;-82;521;118;26;-250
10236;192;-276;446;46;-85;-106
10688;155;-315;326;-12;-43;-101
11139;72;-262;262;51;58;-6
11589;129;-240;568;64;144;-40
12040;143;-248;450;-55;105;12
12490;100;-151;406;-16;81;54
12941;96;-69;384;15;-39;-29
13401;65;-92;552;-67;27;51
13854;130;-138;520;-3;57;-21
14305;127;-68;422;3;-4;-112
14755;49;-57;357;77;5;-83
15207;90;-11;606;16;57;-98
15657;110;-60;526;-59;-17;-57
16108;75;-55;381;46;16;-3
16562;83;4;416;-4;53;-25
17012;49;5;598;-59;-18;18
17464;80;-58;518;0;70;11
17926;77;-36;441;-41;-20;-15
18376;5;-1;467;16;14;-66
18828;-68;102;631;62;33;12
19278;-7;-3;487;-44;50;7
19729;-22;2;491;0;0;6
20180;-21;0;491;-1;0;2
20631;-27;-1;496;-9;-4;2
21082;-16;-4;470;0;5;0
21532;-14;0;486;9;-10;2
21986;-11;1;491;9;4;3
22448;-16;-6;495;5;-13;2
22896;-36;5;496;-8;9;4
23348;-35;26;526;-14;-2;1
23798;-35;9;463;-7;-29;0
24249;-18;-4;520;38;15;14
24700;-20;-1;496;-31;48;-13
25151;13;9;412;-22;18;-44
25603;2;-34;378;-98;5;-15
26053;-12;4;473;-50;21;27
26504;-12;-28;551;49;-10;11
26955;23;6;613;7;16;21
27417;-14;5;877;-24;93;2
27868;3;26;877;52;1;-3
28318;24;28;436;5;-12;219
28770;1;30;418;61;1;169
29220;-13;76;687;21;69;-22
29671;-31;29;626;-26;152;3
30125;-121;182;1407;-1;-22;26
30579;7;159;868;6;54;1
31033;53;61;221;-86;63;4
31483;14;203;95;33;-113;-11
31945;-64;351;734;-124;-70;-40
32397;42;253;467;306;-70;-19
32847;109;226;497;-428;127;-231
33299;79;233;931;-314;73;-212
33751;583;108;410;-469;-388;-86
34201;110;280;1429;-686;-332;-245
34653;246;51;738;-683;-42;-155
35104;-15;139;916;108;-225;-88
35556;-11;109;973;-228;-54;-297
36006;57;71;657;-76;-104;-186
36458;82;193;1024;157;-229;-238
36920;61;111;784;-54;-98;-117
37371;28;123;803;-84;-72;-57
37823;21;147;588;-63;61;-5
38277;33;70;439;-20;35;-33
38727;30;33;169;95;524;11
39178;74;-71;232;7;919;53
39631;-16;-121;719;-31;920;61
40083;109;-136;1023;21;525;24
40535;-10;-32;651;53;53;-37
40985;43;-63;907;132;66;-10
41447;46;-48;576;73;-87;-27
41897;2;-5;351;34;-16;-9
42351;26;5;431;-13;16;-7
42802;23;-6;290;52;-37;-26
43253;10;-15;328;-22;-59;18
43704;-24;15;376;-34;3;-20
44155;-39;23;491;-61;58;-7
44606;-20;-28;385;-52;12;-1
45057;-4;-13;459;50;-59;-19
45507;-15;4;520;-74;83;6
45959;23;-13;635;19;65;18
46423;-59;43;666;130;19;-62
46874;-15;83;726;-15;-140;19
47325;5;76;640;-68;-17;-7
47776;-8;82;596;132;-90;-18
48230;22;21;397;18;-162;-3
48680;-4;95;609;-166;77;-29
49132;9;1;389;-35;21;5
49583;4;-39;443;57;-133;15
50033;-34;-49;476;-16;61;-1
50485;-1;-45;683;-1;-15;-11
50947;-32;-159;643;15;116;-12
51398;11;-123;535;29;229;-4
51849;44;-126;193;90;19;20
52299;62;-92;346;39;-140;-15
52751;-46;-65;556;-140;56;-9
53201;3;-71;277;12;-56;-15
53653;42;-37;480;-45;35;27
54104;-11;-56;303;31;63;-4
54557;-32;-26;387;-14;-43;4
55008;46;-25;385;100;18;-19
55458;-47;-26;263;-139;-4;-23
55923;-53;9;425;-23;169;-13
56375;-14;19;489;-21;116;-21
56827;-17;-6;633;-48;119;-52
57279;10;-2;742;-174;60;-30
57730;-9;-4;593;138;-38;55
58180;6;-7;441;-74;-45;-5
58632;21;13;532;61;50;36
59082;-1;-4;407;-47;0;-2
59533;26;-3;274;48;-10;-11
59983;26;-48;526;-3;149;19
60445;69;-8;684;-75;25;-65
60897;31;2;465;-41;-20;-19
61347;44;2;270;-90;-36;25
61798;9;-2;396;-94;-51;27
62249;-8;14;557;0;-44;50
62703;-44;26;548;-89;-13;-33
63154;34;-2;573;30;78;-32
63604;-6;-10;509;53;8;11
64055;-40;192;680;-178;194;150
64506;-34;6;484;-13;3;-1
64968;-29;0;514;-7;-1;-2
65419;-22;-8;487;-2;0;-1
65867;-21;-4;494;5;-5;-2
66319;-23;-4;499;-1;1;-1
66769;-24;-5;496;1;1;-1
67220;-23;-4;496;0;0;-2
67671;-23;-4;496;0;0;-1
68122;-23;-5;497;0;0;-1
68573;-23;-4;496;0;1;-1
69026;-23;-5;496;0;0;-1
69477;-23;-4;496;0;1;-1
69939;-23;-4;497;0;0;-1
70389;-23;-4;497;0;0;-1
70840;-23;-5;496;0;0;-1
71293;-23;-5;495;0;0;-1
71744;-23;-5;496;0;0;-1
72195;-23;-5;496;0;0;-1
72646;-23;-5;497;0;0;-1
73097;-23;-4;495;0;0;-1
73547;-22;-4;496;0;0;-1
73998;-23;-4;495;0;0;-1
74463;-23;-4;495;0;0;-1
74913;-23;-5;496;0;0;-1
75364;-23;-5;496;0;0;-1
75814;-23;-4;496;0;0;-1
76266;-23;-4;497;0;0;-1
76717;-22;-4;496;0;0;-1
77167;-23;-4;496;0;0;-1
77618;-22;-5;496;0;0;0
78068;-23;-4;496;0;0;-1
78519;-23;-4;497;0;0;-1
78970;-22;-5;496;0;0;-1
79432;-23;-4;496;0;0;-1
79883;-22;-5;496;0;0;-1
80333;-23;-4;496;0;0;-1
80787;-22;-4;496;0;0;-1
81238;-23;-4;495;0;0;-1
81691;-7;10;478;0;7;0
82142;-24;-6;461;-1;0;-1
82592;-22;0;479;8;-10;0
83043;-28;-9;488;-15;-1;4
83496;-35;3;544;-9;-6;-1
83958;-10;-13;521;-6;-8;-4
84410;4;-8;455;23;-17;2
84860;-20;6;510;-11;-19;-5
85311;-10;12;490;23;14;3
85763;-4;5;571;40;1;2
86213;14;-2;465;24;2;-3
86664;12;-13;526;32;19;0
87114;-11;16;542;1;0;0
87565;7;14;579;-92;34;0
88016;19;-24;458;61;19;-8
88467;-20;-4;410;44;-76;1
88929;-13;29;579;-10;36;7
89379;9;24;499;-71;16;-3
89833;13;0;582;-32;45;-8
90284;-4;3;520;-94;80;-8
90734;13;0;498;-18;31;-6
91185;-9;15;526;-16;107;-3
91636;14;49;500;-42;114;5
92089;22;53;490;-10;100;-8
92539;8;45;440;99;47;-5
92990;20;71;423;148;-59;-4
93453;46;189;552;-123;-217;7
93903;85;314;682;-25;-99;-17
94354;42;217;628;-224;68;-4
94806;-18;162;809;208;118;26
95254;134;100;157;143;-22;29
95706;-29;155;264;-148;0;19
96156;100;172;656;-445;130;-128
96608;310;160;736;-445;113;-215
97059;200;-7;-606;7;-246;-101
97510;280;178;970;-260;-74;-206
97964;288;250;1338;-238;-36;-329
98426;293;130;397;107;-212;-97
98877;119;51;622;-80;70;-96
99329;150;33;817;-256;33;-179
99779;115;-71;457;-38;-100;-122
100231;35;14;369;-66;-21;-27
100684;-2;3;363;-33;-44;-121
101136;-42;61;593;-110;-13;-55
101586;-25;79;557;-21;108;-20
102038;-96;58;457;-333;92;-82
102489;100;195;235;25;-124;-80
102951;-254;280;440;308;-438;4
103402;-243;100;381;-79;33;12
103854;-305;355;520;-89;35;-15
104305;-229;211;414;32;-12;-120
104756;-298;362;241;-251;184;-135
105210;-46;317;670;-311;40;-226
105661;-81;245;446;31;-347;-195
106113;119;206;263;369;-223;-234
106566;303;307;555;-325;-167;-315
107018;-273;134;1758;-258;-279;-364
107481;-2;111;1037;-100;-179;-200
107932;215;56;358;-22;-78;11
108383;36;-85;712;-154;7;-14
108836;128;-19;449;27;-181;-40
109288;174;153;526;-91;68;-21
109740;200;21;351;-273;-26;-160
110190;104;5;805;-140;2;-118
110642;22;71;399;-20;-83;-21
111092;48;43;448;92;-71;1
111543;12;26;409;57;-66;13
111994;-16;29;527;120;-4;10
112458;-28;14;418;-50;112;7
112910;4;16;358;72;10;12
113360;-23;-9;436;-110;-14;-14
113811;-23;20;499;101;42;-5
114263;-40;-13;361;54;-88;0
114713;-29;-8;524;77;52;-11
115164;-50;12;605;-10;12;-14
115615;9;-18;673;-58;478;-26
116066;-82;28;503;5;294;-21
116517;-30;29;396;155;225;-6
116982;-3;67;65;0;163;3
117433;-103;202;570;148;-260;-32
117883;-113;141;1030;24;-235;-101
118335;-17;105;631;-198;62;-1
118787;98;235;734;-264;115;59
119240;-16;186;757;-23;33;-25
119691;-15;178;767;-245;141;-22
120145;6;84;493;9;7;-13
120596;2;62;445;23;-144;-11
121047;39;71;475;29;414;5
121498;21;25;256;-42;590;-4
121960;-30;12;137;397;-530;30
122411;-13;182;653;159;-554;-7
122862;139;160;451;-226;-186;-241
123314;84;256;542;-320;-133;-201
123764;31;86;700;32;134;-320
124216;194;22;804;88;-173;-338
124666;69;65;969;176;35;-114
125118;70;8;498;138;-56;-23
125572;39;-36;441;72;-134;-26
126022;116;-2;428;92;52;-18
126485;55;17;463;-84;6;19
126936;85;-21;426;-16;108;-12
127386;41;-22;380;117;-82;-9
127840;44;18;591;-98;878;21
128291;60;-7;444;-89;1030;1
128742;-71;-89;985;-110;1189;30
129193;-64;-17;1088;-8;316;-33
129644;21;-21;568;-55;184;-82
130096;2;-2;514;-74;46;-26
130546;6;12;424;61;37;19
131011;-86;-19;441;-105;24;-8
131462;22;-3;623;-58;-23;-46
131912;22;23;510;25;-2;-11
132364;116;34;644;14;-315;-12
132814;2;97;754;-79;-32;-4
133265;59;72;662;-49;62;12
133719;23;42;492;83;-111;-11
134170;9;94;327;-192;-75;-30
134621;63;24;321;91;-44;20
135071;46;16;366;-8;-92;-16
135525;-42;3;391;-26;17;11
135987;35;-16;341;-135;-2;24
136438;55;-57;502;-24;74;27
136889;-8;12;627;32;-122;-33
137339;-17;-59;549;27;-77;-26
137791;1;-77;572;-47;36;-4
138242;46;-60;464;-96;113;-16
138693;37;-102;248;17;78;-29
139144;-35;-52;397;-106;219;-49
139594;-47;-25;501;-54;21;-25
140046;8;-5;437;-28;0;-12
140508;-17;24;403;83;-57;6
140958;-44;-40;350;8;-89;0
141409;20;-70;586;41;183;22
141862;75;-45;523;48;1;-5
142314;8;-23;651;-68;-40;-27
142765;-28;-30;460;69;7;-37
143218;-19;35;494;-55;-81;-7
143672;-10;-12;745;43;118;42
144122;5;-15;568;-30;139;9
144574;47;-17;589;-143;5;-8
145025;32;-39;635;-73;26;-43
145486;-39;-16;541;-61;-15;-51
145938;15;-5;398;-107;18;7
146388;-25;-14;405;-42;11;16
146840;13;-33;420;72;37;4
147291;47;-37;492;27;-64;0
147741;17;-8;588;-85;27;-6
148193;44;7;507;39;-86;19
148643;0;-3;603;-9;57;5
149094;50;-28;479;-32;5;-6
149545;24;-13;429;44;-82;8
150009;129;-166;765;-2;-449;-109
150461;0;-7;477;20;-14;2
150912;-4;7;511;-13;4;-3
151363;-15;12;488;-9;4;0
151817;-22;25;518;-5;1;0
152267;-18;5;515;-11;3;-1
152718;-9;-5;454;9;-1;3
153169;-1;12;490;-10;0;1
153620;-37;16;538;2;-10;1
154071;-5;4;486;9;-15;3
154522;-16;8;498;-11;0;1
154984;-8;7;489;-5;1;0
155435;-10;7;493;0;0;0
155888;-10;8;494;0;0;1
156339;-10;7;494;0;0;1
156790;-10;8;494;-1;0;1
157241;-11;8;495;-1;0;1
157691;-11;8;494;-1;0;1
158143;-11;8;494;-1;0;1
158597;-11;7;494;0;0;1
159047;-11;8;494;-1;0;1
159509;-11;8;495;-1;0;1
159960;-10;7;494;-1;0;1
160411;-10;7;494;0;0;1
160865;-11;8;494;-1;0;1
161315;-10;8;494;-1;0;1
161766;-10;8;494;0;0;1
162217;-10;7;495;-1;0;1
162668;-11;8;494;-1;0;1
163119;-10;8;494;-1;0;1
163570;-11;7;494;0;0;0
164029;-11;8;495;0;0;1
164481;-11;8;494;-1;0;1
164931;-10;8;494;0;0;1
165382;-10;7;494;-1;0;0
165832;-10;8;494;-1;0;1
166284;-10;8;494;-1;0;1
166734;-11;8;494;-1;0;1
167188;-11;8;494;-1;0;1
167639;-10;8;494;0;0;1
168091;-11;7;494;-1;0;1
168543;-11;8;494;0;0;1
169001;-11;8;495;-1;0;1
169452;-11;8;495;0;1;1
169903;-10;8;494;-1;0;0
170356;-11;8;494;-1;0;1
170807;-11;7;494;-1;0;1
171257;-11;8;493;0;0;1
171708;-10;7;494;-1;1;1
172158;-11;8;494;-1;0;1
172610;-10;8;493;0;0;1
173061;-11;7;493;-1;0;1
173520;-10;7;493;0;0;1
173971;-10;8;494;0;0;0
174422;-10;8;494;0;0;0
174873;-11;7;495;-1;0;1
175324;-10;8;494;-1;0;1
175776;-11;7;494;0;1;0
176227;-10;7;494;-1;0;1
176677;-10;8;493;-1;0;1
177128;-10;8;494;0;0;1
177579;-11;7;495;0;0;1
178029;-11;7;495;-1;0;1
178489;-10;8;494;0;1;1
178939;-14;3;489;-1;0;0
179391;-14;-2;475;-8;3;2
179845;-14;13;484;-2;-2;0
180297;-45;15;526;-39;29;-1
180748;22;-43;566;23;-5;-35
181199;-14;3;506;18;15;0
181650;-8;-8;530;0;10;4
182100;0;-28;530;23;12;5
182551;0;1;491;-34;24;0
183010;34;-19;776;20;-27;1
183461;0;-35;661;-4;34;0
183912;-1;26;650;-60;89;3
184366;9;-2;647;20;54;-9
184816;48;-16;489;-19;42;-1
185267;26;14;380;-77;58;-5
185717;22;23;322;13;16;10
186168;36;-4;404;6;9;14
186618;17;19;439;1;23;6
187069;92;-55;586;5;-33;0
187520;-30;34;765;-10;125;-6
187979;29;2;298;9;21;-2
188433;16;6;323;-39;182;4
188883;21;-7;327;70;490;13
189335;-20;34;503;357;-438;-19
189786;-26;79;323;36;-467;-5
190236;-24;180;976;-84;133;-84
190688;25;38;603;90;-197;30
191138;-40;129;681;7;9;-92
191589;-112;168;392;-103;62;-49
192039;44;56;56;54;72;22
192502;69;90;237;-10;-178;30
192953;-53;54;273;-22;63;-11
193402;7;6;330;17;-20;-6
193853;0;1;198;10;1;6
194304;16;-15;325;-8;47;10
194754;28;-58;548;-102;120;-26
195205;-29;8;742;1;-129;-3
195655;26;-90;708;73;-55;58
196107;-8;-97;602;308;-217;82
196560;21;-64;197;-23;165;-62
197020;10;-80;476;-28;35;-48
197472;22;-77;308;-19;-10;2
197922;36;-118;349;87;-102;-54
198374;18;-40;487;136;-89;-24
198824;-31;-6;477;-61;51;10
199275;-28;-33;409;58;-15;1
199727;7;-18;311;79;14;-29
200177;-42;-47;472;7;-138;20
200628;-80;14;522;-124;15;-33
201077;-41;-32;448;-26;103;-37
201528;-25;4;658;-78;135;-41
201991;-45;-88;753;33;31;25
202441;-12;-67;711;-65;72;-3
202893;4;-52;600;-45;-56;34
203343;10;-47;550;36;-11;-26
203794;27;-27;451;9;-12;9
204248;14;1;340;6;26;-19
204698;60;-65;473;192;-147;39
205152;14;-4;511;0;-12;6
205602;-9;12;505;-17;-3;3
206054;-12;10;476;10;-4;3
206516;-8;7;494;0;-7;1
206966;-9;10;493;-3;0;-1
207418;-9;10;492;-1;1;2
207868;-9;10;491;-1;0;2
208319;-10;10;492;-1;0;2
208770;-9;11;492;-1;0;2
209223;-10;11;492;-1;0;2
209674;-103;34;793;27;-176;4
210125;-44;-188;272;-211;-350;224
210576;39;-398;126;85;2;252
211027;339;-358;92;-91;-101;42
211487;204;-444;-65;-356;-213;-100
211938;29;-497;150;-376;159;-368
212392;-284;-488;15;-65;82;58
212843;-116;-419;190;-158;333;338
213295;43;-249;361;-28;-33;368
213746;297;-350;419;0;-116;93
214197;244;-409;343;-126;86;41
214648;266;-426;282;87;-70;-54
215099;143;-359;207;77;-165;-14
215550;137;-310;79;-44;-20;102
216010;171;-386;236;37;144;-8
216464;295;-440;209;-92;50;67
216914;398;-422;218;63;10;62
217366;308;-320;258;83;-15;-32
217820;240;-296;141;-34;-166;-17
218271;120;-277;141;45;-169;-84
218722;121;-443;137;-40;-1;117
219173;228;-509;425;-81;-63;-76
219627;-301;-548;240;-363;-105;-233
220079;-411;-339;112;-95;132;-279
220530;-337;-64;75;-136;-171;-84
220990;-406;-6;-7;125;164;74
221442;-718;28;172;-55;-223;-37
221892;-614;68;43;8;137;-240
222344;-583;23;126;-9;57;-77
222794;-397;59;85;-218;-172;138
223246;-338;2;-1;184;162;-31
223697;-553;119;94;-85;-171;51
224148;-546;122;41;95;131;-151
224600;-593;141;132;33;9;-168
225050;-458;173;112;-282;-60;198
225510;-337;98;-11;211;70;-107
225961;-385;158;67;14;-126;128
226415;-502;223;56;81;-77;-14
226869;-691;248;135;46;67;-155
227320;-567;255;171;-234;25;58
227772;-415;115;13;65;51;-15
228226;-330;126;64;-71;-138;274
228676;-483;135;28;140;146;-210
229128;-666;182;88;55;61;-50
229579;-592;193;52;-122;2;83
230038;-498;98;8;94;141;-210
230490;-374;118;40;-173;7;189
230940;-418;-14;-74;112;77;408
231392;-437;-323;89;170;-34;419
231843;-80;-506;260;206;199;214
232294;185;-426;235;-23;-58;56
232745;162;-357;201;28;-116;38
233197;132;-322;152;-58;-75;75
233648;201;-445;304;-67;233;88
234102;320;-318;339;-98;165;195
234553;317;-78;394;-165;222;85
235016;208;68;423;25;-106;-130
235467;144;-49;447;30;-201;-221
235918;15;-121;516;-53;37;-182
236369;-55;21;527;-71;55;-77
236820;-26;19;501;38;12;39
237272;57;16;493;141;-5;4
237722;81;13;489;-28;-21;-1
238173;81;10;489;11;7;1
238624;87;13;488;-5;-3;1
239075;87;12;489;-2;0;1
239535;86;13;489;0;0;0
239987;85;13;488;0;0;0
240439;87;12;488;0;0;0
240889;87;13;488;0;0;0
241340;87;13;488;0;0;0
241790;87;12;489;0;0;0
242244;87;13;488;0;0;0
242695;86;13;489;0;0;0
243145;87;13;489;0;0;0
243599;86;13;489;0;0;0
244049;87;13;489;0;0;0
244509;87;13;488;-1;0;0
244960;87;13;489;0;0;0
245410;87;13;489;0;0;0
245861;86;14;488;0;0;0
246311;87;13;489;0;0;0
246762;87;13;488;0;0;0
247214;86;14;488;0;0;0
247664;87;13;488;0;0;0
248115;87;13;489;0;0;0
248565;87;12;489;0;0;0
249025;87;13;488;0;0;0
249476;87;13;488;0;0;0
249926;87;13;489;0;0;0
250378;87;12;488;0;0;0
250828;87;13;489;0;0;0
251279;86;13;487;0;0;0
251729;87;13;488;0;0;0
252185;87;13;488;0;0;0
252639;87;13;488;0;0;0
253089;86;12;489;0;0;0
253549;87;12;487;0;0;0
254000;86;13;489;0;0;0
254450;86;14;488;0;0;0
254901;87;12;489;0;0;0
255351;86;13;488;0;0;0
255802;86;13;488;0;0;0
256252;86;13;488;0;0;0
256704;86;13;489;0;0;0
257155;87;13;488;0;0;0
257605;86;14;488;0;0;0
258056;87;13;489;0;0;0
258515;86;13;489;0;1;0
258966;86;14;487;0;0;0
259417;86;13;488;0;1;0
259867;87;13;488;-1;0;0
260319;86;13;488;0;0;0
260771;86;13;488;0;0;0
261222;87;13;488;0;0;0
261676;87;12;488;0;0;0
262126;86;13;488;0;0;0
262577;86;13;488;0;0;0
263036;87;13;487;-1;0;0
263487;86;13;488;0;0;0
263938;87;13;488;0;0;0
264388;86;13;488;0;0;-1
264839;87;13;489;1;0;0
265289;87;13;488;0;0;0
265743;87;13;488;0;-1;0
266193;87;14;487;-1;0;0
266644;87;13;487;0;0;0
267095;88;13;489;0;0;0
267545;87;13;487;0;0;0
268004;87;13;489;0;0;0
268455;86;13;487;0;0;0
268906;87;13;488;0;0;0
269359;87;13;489;0;0;0
269809;87;13;487;0;0;0
270260;87;13;488;0;0;0
270710;87;13;488;0;1;0
271164;87;14;488;0;0;0
271614;87;13;489;0;0;0
272065;87;13;488;0;0;0
272534;86;13;489;0;1;-1
272985;87;13;488;0;0;0
273435;87;14;488;0;0;0
273886;87;13;489;0;0;0
274335;87;13;488;-1;0;0
274786;87;14;487;0;0;0
275236;87;12;488;0;1;0
275687;87;14;490;0;1;0
276137;87;12;488;0;0;0
276588;87;13;488;-1;0;0
277039;86;13;488;0;-1;0
277492;87;14;488;0;0;0
277946;88;13;488;0;1;0
278398;87;14;488;0;0;0
278849;87;13;488;-1;0;0
279300;87;13;488;0;0;0
279750;87;14;488;0;0;0
280201;87;13;487;-1;0;0
280654;88;13;488;0;0;0
281105;88;13;488;0;0;0
281555;87;13;487;0;0;0
282015;87;13;487;0;0;0
282465;87;14;488;0;0;0
282915;86;13;487;0;0;0
283366;87;13;488;0;0;0
283816;87;14;488;0;0;0
284267;87;13;489;0;0;0
284718;87;13;487;0;0;0
285168;87;13;488;0;0;0
285619;87;13;488;0;0;0
286069;87;13;488;0;0;0
286523;87;13;488;0;0;0
286977;87;13;488;0;0;0
287427;88;13;488;0;0;0
287879;87;14;488;0;0;0
288329;86;13;489;0;1;0
288780;87;13;488;0;1;0
289230;87;13;489;0;0;0
289682;87;14;488;0;0;0
290135;88;13;489;0;0;0
290585;87;13;487;0;0;0
291039;87;14;487;0;0;0
291497;87;14;489;0;0;0
291949;87;12;488;0;0;0
292400;87;13;488;0;0;0
292850;87;13;487;0;0;0
293301;88;14;488;0;0;0
293752;87;14;487;0;1;0
294203;87;14;487;0;0;0
294653;87;13;487;0;0;0
295107;86;14;487;0;0;0
295558;87;13;488;0;1;0
296017;87;13;488;0;0;0
296468;87;13;488;-1;0;0
296919;87;13;487;0;0;0
297369;87;13;488;0;0;0
297821;87;14;488;0;0;0
298271;87;14;488;0;0;0
298722;87;14;487;0;0;-1
299172;88;13;488;0;0;0
299623;86;14;488;0;0;0
300077;87;14;488;0;0;0
300528;87;14;489;0;0;0
300987;87;14;487;0;0;0
301438;87;14;488;0;0;0
301889;87;14;488;0;0;0
302340;87;13;488;0;0;0
302790;87;13;488;0;0;0
303242;87;14;488;0;0;0
303694;86;13;488;0;0;0
304148;88;13;487;0;0;0
304599;87;14;487;-1;0;0
305049;87;14;488;0;0;0
305509;87;14;488;0;0;0
305959;86;13;487;0;0;0
306410;88;14;487;0;-2;1
306861;103;33;515;-54;28;-34
307311;118;28;513;131;-207;96
307763;45;-264;334;-171;-135;159
308214;116;-160;453;-303;-85;484
308666;177;-133;408;-125;-107;377
309120;166;-190;512;-275;-1;256
309571;154;-194;397;35;39;77
310022;77;-62;397;54;-20;-119
310481;51;-127;525;-85;22;-3
310933;80;-122;569;-29;36;-90
311384;82;-82;425;85;-76;-104
311835;19;-142;404;-21;-6;-68
312289;109;-275;490;39;21;-48
312739;129;-210;424;-5;32;6
313191;49;-226;331;-20;-157;-39
313643;25;-381;427;16;-141;-37
314094;18;-486;153;-62;-46;-91
314545;-58;-416;124;115;-99;-14
315004;-54;-470;164;73;35;-53
315459;-12;-574;74;-38;-70;-48
315910;-27;-430;-17;49;57;59
316364;-2;-451;213;6;240;-60
316815;-23;-391;364;-51;239;37
317266;-93;-109;422;-28;262;37
317717;-84;47;471;-23;92;-76
318169;-115;-12;481;65;-56;-42
318619;-75;143;480;42;-16;-92
319070;-11;9;497;-1;0;-1
319521;-9;9;495;0;0;-1
319980;-10;9;495;0;0;0
320431;-21;14;503;3;1;-1
320884;-15;-5;475;-9;-1;-2
321336;-24;23;512;3;7;1
321786;-18;14;506;-13;5;-1
322237;-25;22;486;1;-16;-1
322688;-20;7;506;11;-18;-1
323139;-45;30;581;-15;14;-2
323590;13;0;492;6;-7;-1
324041;-1;-6;534;17;3;-36
324503;21;-27;480;-1;-8;-18
324954;24;7;504;26;7;21
325405;8;-17;539;-27;50;13
325856;-22;21;532;-19;24;43
326307;-45;-2;629;32;-79;-15
326758;-3;5;486;-15;42;-10
327208;13;7;488;-15;72;145
327662;22;-9;660;-51;103;1
328113;2;34;399;24;14;-19
328564;-20;45;571;-26;-18;104
329026;-61;69;566;89;-1;11
329478;5;54;642;53;50;7
329928;-55;78;353;16;129;13
330379;-82;82;326;-45;0;-45
330830;103;206;472;-117;112;23
331282;56;222;546;-66;120;6
331732;43;280;115;-26;147;-4
332184;-90;59;134;-11;-26;-8
332638;-26;167;596;-61;-47;23
333088;20;223;567;-60;96;-47
333540;16;236;482;-124;-156;-108
334000;59;125;699;-175;171;-230
334451;176;-45;488;-392;66;-183
334903;193;4;551;-90;-122;-156
335353;116;17;588;-313;92;-211
335805;132;25;623;-326;90;-217
336256;107;52;633;-218;-3;-230
336707;129;67;558;-276;-135;-243
337161;-43;177;1142;-18;-108;-244
337612;21;93;211;119;-296;-93
338063;97;314;1101;-226;-37;-231
338523;41;0;548;-348;-285;-243
338974;-22;125;881;144;148;-93
339428;-36;63;732;2;-66;-13
339881;18;53;373;-4;6;25
340333;-6;57;356;-59;51;10
340784;-8;69;462;-54;64;8
341235;-24;50;548;-2;87;-20
341686;-10;86;478;-2;-85;15
342136;12;130;779;-73;99;-9
342588;60;81;318;40;93;110
343038;-60;101;614;313;-172;147
343498;-141;152;689;163;29;134
343950;-32;89;496;253;-177;117
344401;-46;155;424;34;-17;130
344852;-115;150;538;196;-62;143
345304;-81;141;189;-19;152;155
345757;-9;194;772;97;-284;165
346209;-40;117;165;220;-170;108
346659;-109;251;833;93;-2;128
347111;-36;151;587;277;-83;133
347565;-166;161;680;292;-268;106
348024;-57;191;516;-50;24;180
348476;-101;289;763;145;-182;90
348926;-118;157;471;137;-19;126
349378;-150;165;702;-44;-66;106
349830;-35;169;396;415;-293;165
350280;-153;128;515;258;-76;118
350732;-73;91;661;3;-169;159
351185;-19;120;595;219;-181;116
351637;-73;116;412;-371;72;106
352089;-106;184;669;33;12;-37
352548;-5;163;605;-17;152;-3
352999;-124;324;966;-185;179;-54
353451;43;212;468;161;-192;23
353904;121;145;297;5;-25;29
354355;-25;315;596;-187;32;41
354808;207;202;373;-310;122;-161
355260;152;164;1089;-435;62;-269
355712;256;66;1110;-162;0;-259
356162;226;32;319;-180;-180;-216
356614;149;112;935;-128;-155;-150
357065;92;88;457;-67;-135;-118
357524;27;108;410;143;-159;-65
357976;52;74;350;33;52;-57
358427;-27;132;368;-148;-50;-182
358878;58;125;389;-65;-184;-205
359329;19;108;199;-89;-78;-184
359780;5;134;430;-89;1;-211
360231;-40;244;980;-63;-145;-140
360683;51;209;649;-4;-47;-144
361134;163;216;493;88;59;-121
361585;181;204;551;9;-128;-140
362050;114;116;434;-195;-69;-134
362502;-109;281;699;-83;-85;-158
362955;201;253;715;83;-192;-209
363407;208;96;834;-266;-357;-203
363858;146;214;731;-403;-21;-220
364309;49;100;760;-197;-164;-178
364761;-18;59;698;-138;-248;-125
365211;44;190;619;-8;40;-12
365663;-56;141;735;264;-16;4
366113;-90;142;517;-175;352;10
366564;-43;97;376;134;105;-8
367024;-65;134;383;-104;-195;-115
367475;8;203;543;-343;-56;-140
367927;52;187;334;-263;-72;-159
368377;54;207;220;79;-297;-176
368831;126;224;456;-130;-200;-156
369283;119;260;551;-46;-233;-77
369733;37;305;732;145;-280;-90
370185;10;348;766;-87;-60;-50
370638;-30;365;896;-162;-91;-40
371089;-27;291;359;-155;-223;-7
371549;-134;454;907;-227;-204;-93
372000;-141;134;399;776;-390;-126
372452;5;140;828;-248;-208;15
372902;-153;-43;938;-65;-138;-36
373354;116;204;379;36;-12;-130
373805;-45;153;854;-50;-102;-87
374258;82;17;267;-200;-42;-101
374709;8;116;729;-195;119;-162
375160;66;82;297;-132;7;-88
375611;-64;80;-1;-28;102;10
376073;-72;137;163;-43;-333;21
376524;-384;435;503;-228;-198;-8
376975;-281;659;293;-55;-134;-70
377426;-307;748;527;-289;258;-136
377878;-23;310;602;439;-305;-8
378329;-241;328;408;492;-340;7
378782;149;307;769;-291;47;50
379233;-209;-21;543;-95;20;62
379683;-321;159;935;109;5;8
380134;-167;105;692;15;99;-36
380585;-69;29;382;20;49;-23
381044;-37;20;346;-14;-35;-40
381496;-32;31;496;-43;46;-63
381946;30;5;282;-76;-7;-132
382398;28;44;486;-82;-111;-122
382849;29;25;399;-111;-41;-175
383302;20;75;348;-118;-58;-164
383754;86;95;378;-130;46;-158
384204;35;54;494;-32;-5;-172
384656;96;220;604;-133;-14;-125
385107;94;186;546;160;-323;-6
385566;-151;384;783;-23;-82;-73
386021;140;127;391;-303;-75;-176
386471;144;143;613;-339;-94;-250
386925;219;325;1092;-354;49;-259
387377;274;188;382;-143;-234;-259
387828;331;139;846;-272;-361;-155
388279;192;115;805;-486;-192;-190
388729;152;-39;718;-148;-213;-222
389181;31;13;741;10;-157;-215
389632;81;51;632;70;-218;-124
390082;-119;55;718;193;-218;-20
390545;10;116;634;-23;-74;40
390995;-38;53;700;74;-130;33
391446;-69;71;518;49;68;-20
391898;-44;104;690;48;-56;-16
392348;-50;42;741;28;103;6
392799;-74;30;527;-54;-247;4
393250;-147;27;493;211;-999;-16
393701;-127;43;616;-43;-1206;9
394152;-61;56;856;-128;-629;-2
394603;-82;120;1019;204;-39;-65
395063;-73;22;683;66;37;9
395511;-19;39;571;62;-174;0
395962;-99;-6;733;17;-68;51
396412;-60;80;652;38;-5;5
396863;-54;44;622;134;59;-2
397315;-29;-4;596;125;30;3
397767;-64;41;678;-88;-14;-21
398221;-17;61;628;-60;39;-24
398671;47;38;677;-32;-34;-14
399123;-30;52;337;42;-998;-14
399582;87;2;613;-21;-888;-79
400033;-14;98;312;228;-1041;71
400484;-27;133;630;236;-241;-37
400935;26;-5;721;269;-241;-51
401386;46;49;583;28;-146;7
401837;14;28;665;-206;130;39
402288;-49;37;718;194;166;78
402739;-7;4;605;184;135;70
403189;68;4;370;60;-101;80
403643;128;83;366;-281;-364;33
404093;232;129;3;-259;-177;-66
404555;100;134;758;14;-191;-119
405006;51;124;998;-329;136;-227
405457;138;-62;862;-278;-28;-204
405911;57;-2;671;-126;-142;-148
406362;8;-1;808;-67;-181;-95
406813;30;56;458;-340;-81;-174
407264;13;97;612;-214;-30;-185
407715;156;176;438;-156;-115;-145
408166;34;238;586;459;-485;-37
408617;-40;274;670;90;-224;-41
409085;-17;335;839;-198;31;-123
409539;-44;149;462;-41;-39;-167
409991;251;183;516;75;-112;-144
410442;65;117;631;69;-98;-195
410894;93;306;819;-84;-79;-199
411344;110;202;375;128;-411;-89
411798;95;401;587;7;-262;-94
412250;-24;246;777;80;45;11
412701;110;84;589;60;10;-19
413155;-74;191;877;-17;175;-30
413605;13;92;530;-15;11;7
414074;-43;160;387;13;105;11
414526;-60;119;372;46;81;12
414977;-145;156;341;-188;27;-108
415428;113;48;-183;-3;7;-155
415879;182;73;135;89;-210;-126
416330;275;202;859;-134;-386;-217
416782;226;138;489;-135;-174;-250
417232;115;57;855;-39;-5;-251
417684;249;-45;389;110;-279;-176
418135;134;23;660;-147;-189;-105
418604;131;5;661;-43;-72;-152
419055;166;53;379;-105;-18;-210
419506;76;79;679;-202;146;-215
419960;105;-2;433;-77;-3;-222
420414;123;60;441;-95;-133;-148
420868;165;55;713;-133;33;-200
421319;59;33;727;-74;145;-98
421770;92;129;496;3;-168;3
422221;43;135;621;192;-1319;-21
422673;-21;-90;711;-41;-1099;-59
423142;31;91;92;-14;-1073;56
423592;11;31;965;170;-256;70
424044;-155;-9;993;-30;-15;-96
424496;115;68;542;-17;67;-137
424946;-5;161;858;125;298;61
425398;-47;104;585;83;189;68
425849;11;124;430;117;226;92
426300;-66;140;387;182;-116;108
426752;-57;157;440;224;-137;136
427203;-3;143;535;126;-39;74
427657;-149;346;770;128;-215;124
428123;-133;287;580;-364;114;151
428576;-99;124;-129;142;-187;122
429028;6;348;761;322;10;97
429478;-231;242;378;37;394;74
429930;-201;284;237;485;33;143
430381;-245;220;16;71;-197;63
430832;-317;334;134;53;-86;-22
431283;-119;238;213;-219;50;-72
431734;-114;502;278;-86;-541;-117
432188;-149;101;656;62;-358;8
432648;-106;226;733;255;-55;91
433099;-174;301;745;88;-106;-33
433551;-121;214;687;-115;59;37
434001;-44;18;432;-147;-12;-35
434453;-6;121;803;-245;74;-87
434907;-37;75;429;-102;35;-140
435358;-61;70;465;-348;59;-181
435810;-76;75;289;18;-54;-66
436261;-23;16;167;43;25;34
436715;-202;68;-142;-855;-56;4
437166;287;149;-30;-145;9;91
437626;268;47;1278;-1097;163;-30
438077;-10;5;1136;344;-212;-33
438529;-215;-39;435;107;42;-23
438980;-138;7;482;3;-11;-1
439431;-137;10;476;0;0;0
439881;-137;11;477;-1;0;0
440332;-136;11;477;0;1;0
440783;-136;10;477;-1;1;1
441234;-137;10;477;0;0;0
441684;-136;11;477;0;0;0
442144;-137;11;477;-1;0;0
442595;-136;10;478;0;1;1
443048;-136;11;476;0;1;1
443500;-137;11;476;-1;0;0
443951;-136;10;476;-1;1;0
444404;-136;10;477;0;0;0
444855;-137;11;478;0;0;1
445308;-137;11;476;0;0;0
445760;-136;11;477;-1;0;0
446211;-136;11;477;-1;1;0
446670;-137;10;477;0;0;1
447122;-136;10;477;0;0;0
447572;-136;10;477;0;0;1
448023;-137;10;477;0;0;1
448474;-136;11;476;0;0;0
448924;-136;11;476;-1;0;0
449376;-136;10;477;0;0;1
449826;-136;10;477;-1;0;0
450278;-136;11;477;0;0;0
450728;-136;11;478;0;0;1
451179;-136;10;476;0;0;0
451642;-136;11;477;0;0;1
452092;-136;10;476;-1;0;1
452543;-136;10;477;0;0;0
452994;-136;11;477;0;0;1
453445;-136;10;476;-1;0;1
453898;-136;11;476;0;0;0
454349;-135;10;476;0;0;1
454800;-136;10;477;-1;0;0
455250;-136;10;476;0;0;1
455702;-136;11;476;-1;0;0
456162;-135;10;476;-1;0;0
456615;-136;10;477;-1;0;0
457066;-136;10;476;0;1;0
457518;-136;11;477;-1;0;0
457968;-135;11;477;-1;0;0
458419;-136;10;477;-1;0;0
458870;-136;10;477;-1;0;1
459321;-136;11;476;0;0;1
459771;-135;10;476;0;0;1
460225;-136;10;477;0;0;0
460676;-136;10;477;0;0;1
461135;-135;11;476;-1;0;1
461587;-137;10;477;0;1;0
462038;-136;10;477;0;0;0
462491;-136;11;476;0;0;1
462942;-136;11;477;-1;0;1
463393;-136;10;476;0;0;0
463844;-136;10;476;0;0;0
464294;-136;10;477;-1;0;0
464745;-136;10;476;-1;0;0
465197;-136;10;476;-1;0;0
465656;-136;10;476;0;0;0
466107;-136;10;477;-1;1;0
466557;-136;10;476;0;0;0
467009;-136;10;477;-1;0;1
467460;-135;9;476;0;1;0
467910;-136;11;477;0;0;0
468361;-136;10;476;-1;1;0
468814;-136;9;477;0;0;1
469268;-136;10;476;-1;0;0
469719;-136;11;476;0;0;0
470169;-136;9;477;-1;0;1
470629;-135;10;477;-1;1;0
471083;-135;10;475;-1;0;0
471534;-135;10;476;0;0;0
471985;-135;10;477;0;0;0
472435;-135;10;477;0;0;0
472887;-135;10;476;0;0;1
473337;-136;10;476;-1;0;0
473788;-135;10;476;-1;0;0
474238;-136;10;476;0;0;1
474690;-135;11;476;0;1;0
475149;-136;10;477;-1;0;0
475600;-136;10;477;-1;0;1
476051;-136;10;476;0;0;1
476502;-136;10;476;0;0;0
476952;-136;10;476;0;0;0
477403;-136;11;477;0;0;0
477856;-135;10;477;0;0;1
478308;-136;10;476;-1;0;0
478758;-136;10;477;0;0;0
479209;-135;11;476;0;0;1
479672;-136;10;475;0;0;0
480122;-136;9;476;-1;0;0
480573;-136;10;476;0;0;0
481027;-135;10;476;-1;0;0
481477;-135;10;476;0;1;1
481928;-135;10;477;0;0;0
482378;-135;10;475;-1;0;0
482830;-136;10;477;0;0;0
483280;-136;10;476;-1;0;0
483731;-135;10;477;0;1;0
484183;-136;10;476;-1;0;0
484641;-136;10;476;0;0;0
485093;-136;10;477;0;1;0
485543;-135;10;477;0;0;0
485994;-135;10;476;0;0;0
486445;-135;10;476;0;0;1
486898;-136;10;475;0;0;0
487349;-135;10;476;-1;0;0
487800;-136;10;476;0;0;0
488254;-135;10;477;-1;0;0
488705;-135;10;476;0;0;0
489164;-135;11;476;-1;1;0
489615;-136;10;475;-1;0;0
490066;-135;10;476;-1;0;1
490517;-136;10;476;-1;0;1
490968;-135;10;476;-1;0;0
491418;-135;10;476;0;0;1
491870;-135;10;476;-1;0;1
492320;-136;10;477;0;0;0
492771;-136;10;475;0;1;0
493219;-136;10;476;0;0;1
493670;-135;10;476;0;0;1
494130;-135;10;476;-1;0;0
494580;-136;10;475;0;0;0
495032;-135;10;476;0;1;0
495484;-135;10;477;0;0;0
495936;-135;10;476;-1;1;1
496387;-135;9;475;0;0;0
496840;-136;10;476;-1;1;1
497291;-136;10;476;0;0;1
497742;-135;10;476;0;0;1
498193;-135;9;477;-1;0;0
498653;-136;10;477;0;0;0
499103;-135;10;476;-1;0;0
499554;-135;10;476;-1;0;1
500004;-135;10;476;0;0;0
500455;-135;11;475;0;1;0
500905;-136;10;476;-1;1;1
501356;-136;9;476;-1;1;0
501807;-135;10;475;-1;0;0
502257;-135;10;475;-1;0;0
502709;-135;10;476;0;0;0
503159;-135;10;476;0;0;0
503619;-135;9;476;-1;0;1
504070;-135;10;476;0;0;1
504518;-135;11;476;0;0;0
504972;-135;10;475;0;0;1
505425;-135;10;475;0;0;0
505876;-135;10;476;0;0;1
506328;-135;9;476;-1;0;1
506778;-135;10;475;0;0;0
507229;-135;10;476;-1;1;0
507680;-135;9;476;0;0;1
508140;-135;10;476;0;0;0
508591;-135;10;476;0;0;0
509041;-135;10;476;-1;0;0
509493;-135;10;476;-1;0;0
509943;-135;10;475;0;0;0
510394;-135;10;475;0;0;0
510844;-135;10;476;-1;0;0
511295;-135;10;475;0;0;1
511746;-135;9;476;0;0;1
512197;-135;10;475;-1;0;0
512648;-135;9;476;0;0;1
513110;-135;10;475;-1;1;0
513560;-135;10;475;0;0;0
514014;-135;10;475;0;0;0
514464;-136;10;476;0;0;0
514916;-135;10;475;0;0;1
515366;-135;10;476;0;0;0
515817;-135;10;476;0;1;1
516268;-135;10;475;-1;0;0
516719;-135;10;475;-1;0;0
517173;-135;10;475;-1;0;1
517632;-135;10;476;0;0;0
518083;-135;10;476;-1;0;1
518534;-135;10;476;-1;0;0
518984;-135;10;476;-1;1;0
519436;-135;10;477;0;0;0
519886;-135;10;476;-1;0;0
520337;-135;10;475;0;0;0
520787;-135;10;476;-1;1;0
521238;-135;10;475;-1;0;1
521691;-134;9;476;0;0;0
522141;-135;11;475;-1;0;0
522603;-135;10;476;0;0;1
523055;-135;9;475;0;1;0
523505;-135;9;477;-1;0;0
523956;-135;10;475;-1;0;0
524406;-135;10;475;0;0;1
524857;-135;9;476;0;0;0
525307;-135;10;476;-1;1;0
525759;-134;9;476;-1;0;0
526210;-135;10;476;0;0;0
526660;-135;10;476;0;0;0
527120;-135;10;475;0;1;0
527570;-135;10;476;-1;1;0
528021;-135;10;475;-1;0;0
528472;-135;9;475;0;0;0
528923;-135;9;476;-1;0;0
529376;-135;10;475;0;1;0
529827;-135;10;475;0;0;0
530278;-136;9;476;0;1;0
530731;-135;10;476;-1;0;1
531184;-135;10;476;0;1;0
531644;-135;10;475;-1;0;0
532094;-135;9;476;0;1;0
532545;-135;10;476;0;0;0
532996;-134;10;476;-1;0;0
533447;-134;11;476;0;1;0
533898;-134;10;476;0;0;0
534348;-135;11;476;-1;0;0
534799;-135;10;475;0;0;0
535249;-135;10;476;0;0;1
535700;-134;10;476;0;0;0
536151;-135;9;475;-1;0;1
536604;-135;9;475;-1;0;0
537056;-135;10;475;0;0;0
537506;-134;11;475;0;1;0
537957;-134;10;475;0;0;0
538407;-134;10;475;0;0;0
538858;-135;10;475;0;0;0
539309;-135;10;475;0;0;1
539765;-135;10;475;-1;0;0
540216;-135;10;476;0;1;0
540666;-135;10;475;0;1;0
541126;-134;10;475;-1;1;1
541580;-134;9;475;-1;0;0
542030;-135;10;475;0;0;0
542481;-135;10;476;-1;0;0
542931;-135;10;475;0;1;1
543383;-135;10;475;0;0;0
543834;-135;10;475;-1;0;0
544284;-135;9;476;-1;0;0
544735;-135;10;475;-1;0;0
545185;-135;10;475;0;1;1
545636;-134;10;475;0;0;0
546096;-135;9;476;-1;1;0
546546;-135;10;475;0;0;0
546997;-134;10;476;0;0;1
547448;-135;10;475;0;0;0
547899;-134;10;475;0;0;0
548355;-135;9;475;-1;0;1
548805;-134;10;474;0;0;0
549256;-135;10;475;-1;0;0
549706;-135;10;475;0;0;0
550157;-135;9;474;-1;0;0
550622;-135;10;475;0;1;0
551072;-135;10;476;0;0;0
551523;-135;10;476;0;1;1
551973;-134;10;475;0;0;0
552425;-134;10;475;0;1;0
552876;-134;10;475;0;0;0
553326;-134;10;475;0;0;0
553779;-135;11;476;0;0;0
554229;-135;9;475;0;0;0
554680;-134;10;475;0;0;0
555130;-135;10;475;0;0;1
555584;-135;10;476;0;0;0
556036;-135;10;475;-1;0;1
556486;-135;10;476;-1;0;0
556939;-135;10;475;0;0;0
557392;-134;10;475;0;0;0
557843;-135;10;476;-1;0;0
558295;-135;10;476;-1;0;0
558745;-134;10;475;-1;0;0
559197;-135;9;475;-1;0;0
559647;-135;10;475;0;0;0
560107;-134;10;475;-1;0;0
560558;-134;10;476;-1;0;0
561009;-134;10;476;-1;0;0
561460;-135;9;475;0;0;0
561910;-135;10;475;-1;0;0
562362;-135;10;475;-1;1;0
562812;-134;10;476;0;0;1
563263;-135;10;476;0;0;0
563714;-135;10;475;-1;0;0
564164;-135;9;475;-1;0;0
564615;-134;10;475;-1;0;0
565074;-134;10;475;0;0;1
565528;-134;10;474;0;0;1
565985;-134;9;475;0;0;0
566435;-134;9;475;-1;1;1
566886;-135;10;476;0;0;0
567336;-135;10;475;0;1;0
567787;-134;11;475;-1;0;1
568238;-126;16;487;-11;4;11
568689;-163;75;483;-9;116;18
569140;-229;-43;483;-65;-116;134
569600;-214;-93;340;-8;-113;4
570051;-385;62;483;-52;12;58
570502;-178;193;533;189;156;181
570953;-149;-34;437;-3;-2;39
571404;-31;49;560;-81;124;-97
571855;-111;-232;399;12;-333;44
572306;75;-337;364;229;-174;272
572756;302;-301;245;-138;-85;3
573208;295;-413;122;-362;-245;66
573662;74;-535;194;-36;-28;26
574124;402;-335;136;-135;55;108
574575;164;-412;287;-198;-29;-49
575027;234;-435;157;138;61;51
575477;253;-437;126;-26;-20;55
575929;198;-292;122;104;-11;-12
576380;439;-286;143;87;50;-27
576831;277;-396;43;-61;35;-121
577286;375;-304;57;25;-17;151
577736;389;-423;209;-216;57;-48
578188;356;-213;58;-109;-90;12
578639;358;-497;221;-153;78;-83
579099;189;-308;34;-70;-37;55
579550;289;-574;81;-240;200;-75
580000;231;-386;158;-29;-19;19
580452;93;-406;237;-221;-220;-50
580905;135;-582;279;-260;154;93
581356;118;-278;67;-339;140;54
581807;20;-571;220;69;-22;68
582258;116;-360;243;150;94;156
582712;158;-233;295;90;50;44
583163;276;-227;407;36;182;-72
583627;340;-192;296;57;27;22
584079;242;-77;366;-7;140;52
584529;265;-46;498;-139;70;2
584981;291;-20;401;-62;-8;169
585432;180;78;470;103;-35;20
585883;370;-29;467;28;-194;-17
586334;237;-93;392;28;-1;43
586785;275;1;376;119;-86;-61
587237;321;-98;413;-49;-13;-130
587687;388;-260;347;123;58;-104
588150;267;-254;233;-2;-50;-7
588604;302;-236;388;-142;74;55
589056;400;-293;284;-31;-85;28
589506;264;-240;230;-15;-172;85
589958;264;-269;379;-88;69;-41
590408;386;-247;325;-39;81;229
590860;299;-66;361;93;-26;-8
591312;359;-25;314;256;110;-65
591764;512;-120;150;-55;9;-30
592215;399;-233;183;-113;-266;-133
592666;195;-252;296;-93;-161;83
593126;184;-469;301;-204;-117;-29
593577;201;-457;50;-5;-124;57
594028;86;-432;48;22;8;-42
594479;148;-558;38;112;48;-17
594930;216;-417;32;156;33;98
595381;178;-393;92;-32;91;-62
595834;228;-499;255;-166;30;-35
596286;265;-394;126;64;-20;29
596738;154;-318;183;95;-76;21
597188;146;-443;173;-75;-39;-85
597648;292;-491;88;-19;18;-12
598099;221;-368;105;40;-50;37
598553;135;-369;86;35;-93;-77
599004;164;-558;31;115;-14;18
599455;245;-491;65;92;143;0
599905;128;-370;120;72;85;65
600355;187;-369;315;65;301;35
600807;415;-359;319;-71;-58;0
601257;272;-291;171;-79;-203;98
601709;203;-266;226;45;-138;14
602161;376;-405;237;-17;97;57
602620;406;-303;116;15;1;13
603074;260;-206;162;-5;-56;13
603526;286;-272;237;26;16;42
603977;483;-263;149;66;-103;-11
604429;391;-245;130;52;-78;23
604879;337;-194;90;-102;-3;-75
605331;451;-331;219;-3;61;21
605782;436;-175;215;37;-42;91
606233;344;-143;189;28;3;-75
606684;494;-266;234;-35;6;17
607143;517;-194;196;57;34;88
607595;364;-122;154;30;-85;-63
608049;373;-223;236;-126;50;-74
608500;542;-235;266;0;45;156
608952;367;-187;173;41;-112;15
609405;282;-147;186;34;-108;-25
609857;357;-263;251;-55;125;-1
610308;422;-295;203;66;-75;-8
610761;331;-213;159;-61;-58;34
611212;295;-218;152;19;-60;-100
611673;408;-328;283;-44;20;49
612123;464;-282;217;-16;4;87
612575;350;-174;172;31;4;-18
613026;356;-218;248;-44;62;-88
613477;495;-305;286;-64;113;61
613928;417;-249;165;127;-96;17
614380;245;-231;211;-42;5;-101
614831;214;-299;310;-69;170;-135
615282;312;-289;415;58;129;-53
615733;334;-145;308;177;21;-16
616184;247;-237;289;4;-95;-111
616647;273;-315;373;-192;168;-71
617098;151;-314;322;-45;-20;-14
617549;-5;-179;430;-16;205;87
618003;17;-42;539;-161;284;72
618454;82;86;477;133;-113;12
618905;215;-17;422;222;-67;-105
619356;419;-185;416;-103;-130;-149
619810;329;-316;209;0;-106;-13
620261;228;-295;211;7;-109;43
620712;312;-400;192;39;-47;-87
621172;347;-386;20;118;-138;-9
621624;182;-392;2;-3;-16;-96
622075;58;-587;2;-33;53;-246
622526;163;-505;0;-24;-46;5
622978;-30;-414;-65;64;-3;67
623428;-66;-618;116;30;40;-34
623880;98;-575;109;-16;15;-48
624330;37;-385;55;113;81;-5
624781;-65;-427;211;53;101;32
625238;191;-478;187;-125;13;364
625689;258;-222;330;4;8;105
626148;160;-159;318;192;-78;96
626599;214;-194;321;-334;420;-22
627051;-56;129;478;-423;220;-19
627502;-198;235;349;73;-215;-120
627953;-192;74;402;45;-53;-351
628404;-185;31;549;-149;-295;-116
628855;98;-75;649;-156;-257;88
629306;21;-9;501;18;14;-8
629757;23;-6;499;-7;-8;-8
630208;29;1;496;0;0;0
630668;35;5;498;-3;-4;11
631120;21;-4;494;14;15;4
631571;17;-13;502;-7;10;-5
632023;19;-3;505;-13;-23;-27
632473;19;0;497;11;8;-3
632926;18;1;497;22;27;1
633377;23;6;498;-22;-21;-4
633830;11;-11;499;9;5;-5
634281;4;-13;498;-2;-2;-4
634732;7;-10;497;0;0;-3
635192;7;-11;497;0;0;-2
635642;6;-11;497;0;0;-2
636093;14;-3;497;13;13;-7
636545;1;-15;494;19;22;-2
636995;10;-7;498;-11;-13;-4
637446;14;-4;506;48;49;8
637896;1;-18;500;5;2;8
638347;21;5;498;-25;-27;-1
638797;33;18;487;-4;0;-5
639249;16;-2;498;-10;-11;-6
639699;15;-2;498;6;5;-3
640158;16;-2;498;2;3;-2
640609;18;1;497;0;0;-2
641059;18;1;498;-1;-1;-3
641510;18;1;498;0;0;-3
641964;18;0;497;0;1;-2
642416;17;0;498;1;0;-2
642867;14;-8;507;30;26;2
643317;-4;-23;496;1;3;0
643769;9;-7;495;-16;-16;-10
644222;-9;-23;492;18;16;-3
644681;16;-4;501;-9;-12;-11
645133;10;-12;519;101;6;-23
645583;80;-17;496;46;21;-53
646034;12;-83;496;-71;-64;21
646486;-7;99;632;3;55;-17
646936;8;1;494;0;0;1
647387;5;-3;496;-1;-1;3
647837;-6;13;489;-46;-29;-56
648288;6;0;495;0;0;0
648738;7;0;495;0;0;2
649189;6;0;494;0;-3;2
649649;6;-1;496;0;0;-2
650099;3;-4;496;1;1;-2
650550;8;-2;494;0;-1;0
651005;-3;-11;500;-1;0;-6
651456;6;-2;494;-4;2;2
651907;5;-2;493;5;-4;-9
652357;5;0;495;-1;0;1
652808;40;-3;509;4;2;-16
653258;59;-59;450;267;71;-926
653709;-121;-85;471;182;134;-586
654169;-90;138;867;-18;37;226
654619;-1;22;497;-3;-4;-5
655070;-2;21;497;0;0;-2
655520;-2;21;496;0;0;-2
655971;17;30;539;-5;-5;0
656421;-6;21;484;-4;9;-1
656872;17;35;491;7;4;0
657323;16;32;503;9;10;-3
657775;9;27;472;12;6;-3
658226;2;21;497;7;-8;-3
658677;-16;20;456;3;0;-4
659136;-13;17;509;-14;9;0
659592;-5;16;484;15;10;0
660043;-11;13;467;11;17;3
660494;-7;23;514;4;-19;1
660944;-6;21;468;11;-26;0
661395;3;10;482;14;11;3
661846;2;13;452;7;-5;0
662296;10;15;513;1;-22;0
662747;1;-7;466;25;55;-14
663198;-20;2;494;-56;92;19
663657;-3;14;521;44;-5;-19
664109;0;12;392;19;20;-4
664559;4;4;491;-12;4;0
665010;28;2;431;130;-28;21
665460;10;1;481;-8;-32;-21
665912;1;1;572;-476;70;11
666362;41;29;657;181;-2;1
666813;-12;12;475;-74;88;-6
667265;2;54;520;-3;-35;2
667717;4;22;460;-29;43;-12
668180;23;23;486;25;-169;5
668631;10;14;533;86;53;-15
669081;-49;19;520;66;-592;-14
669533;-45;183;1006;-45;24;0
669983;-13;25;510;7;-219;0
670437;-8;-6;419;-72;469;17
670888;6;-10;444;27;200;18
671339;-17;43;529;112;-207;8
671791;-17;41;497;113;-584;-18
672242;-14;7;371;129;-104;-26
672693;-18;108;969;60;21;2
673153;3;57;640;-71;-54;-5
673603;30;20;253;-31;-21;13
674055;-16;38;312;42;22;27
674505;-119;129;446;-53;-123;-29
674957;25;69;727;40;-291;-14
675408;-30;49;486;-95;61;-7
675859;16;0;357;-25;395;18
676315;1;-5;412;5;167;14
676765;36;37;464;41;-278;-13
677217;67;38;660;68;-421;-36
677677;24;26;560;72;-221;16
678127;2;-8;404;-34;426;8
678578;-12;7;462;-53;28;5
679029;-16;52;822;-32;-184;-14
679480;-15;78;784;-21;56;-22
679931;-35;61;494;87;-121;11
680382;17;48;526;177;204;76
680834;-83;53;317;130;91;213
681284;-78;34;498;-57;172;97
681735;-109;174;552;-8;95;-5
682186;-155;297;900;-204;-151;-12
682649;-254;313;228;-159;-91;-78
683100;7;300;772;-246;-64;-252
683551;116;383;34;-24;-176;-248
684005;104;136;978;-360;-196;-341
684459;301;23;1077;-432;-116;-302
684910;247;-2;1054;-597;42;-294
685362;180;37;1011;-388;-35;-176
685812;-20;34;675;-120;-155;-261
686264;97;58;670;-389;-109;-261
686714;2;107;679;68;-373;-202
687174;13;80;705;101;-257;3
687626;28;97;782;31;172;0
688076;-47;75;777;36;72;-120
688527;37;85;721;66;-15;-3
688978;40;71;493;-12;-20;8
689429;53;86;673;-100;-270;-22
689881;12;83;480;39;-170;-7
690331;53;7;413;9;618;20
690782;5;30;503;-65;-26;-107
691235;64;-37;359;-23;-43;-89
691687;70;14;590;-16;-23;-5
692146;45;7;499;13;89;-140
692597;42;-54;437;-77;175;-110
693051;19;7;571;57;199;18
693501;-32;19;582;32;107;-9
693953;-74;127;629;-59;70;-13
694407;-18;57;224;153;-179;18
694857;-137;322;289;83;-106;-49
695309;-258;353;803;-141;205;-60
695760;-106;323;777;-319;-42;49
696212;-14;-32;711;-85;78;85
696672;-34;75;706;-165;430;34
697122;-87;10;445;-54;-208;32
697574;-59;-2;465;12;200;-24
698025;-20;-26;451;26;134;18
698476;-4;-48;443;-28;179;-50
698930;-43;-27;503;89;32;25
699381;-35;-74;295;-30;77;136
699832;-112;-37;130;85;30;-22
700282;-45;-24;130;204;-13;9
700734;-11;29;446;-29;43;116
701196;-12;-21;357;-70;-48;90
701647;-35;11;534;-73;-128;-53
702098;-7;-4;555;99;13;-37
702550;-6;-5;491;-10;41;48
703000;-18;-7;342;5;112;55
703452;5;3;416;46;7;13
703902;-7;-13;406;30;-41;-9
704354;20;-5;474;15;-84;-3
704804;-32;3;587;-9;52;6
705255;30;2;559;-19;-23;-19
705707;-6;9;596;13;3;-11
706166;2;-20;507;-9;-50;-17
706617;52;7;688;-53;-150;-17
707074;-67;3;757;44;-143;-22
707524;48;-14;605;-158;-46;-9
707975;10;0;483;35;58;44
708426;29;-19;543;116;-43;-32
708877;-16;26;397;-53;4;-19
709330;-23;44;401;-9;80;-7
709782;-20;-1;540;16;87;-9
710233;-18;-28;359;-39;26;-26
710692;-34;11;445;-92;76;29
711144;9;6;472;21;-71;20
711595;48;-32;455;-63;-17;1
712046;-1;-8;407;-29;70;-40
712497;-35;10;447;-62;109;-4
712948;-26;-13;578;23;-44;10
713399;1;-37;492;11;-99;54
713849;-16;3;688;-25;76;50
714301;38;-37;744;-138;36;-18
714755;-7;-5;805;-4;97;-68
715205;-14;-25;614;25;29;-11
715665;19;-41;504;4;42;0
716115;-34;-5;547;19;35;-12
716567;10;-21;429;-5;23;0
717018;6;-22;488;-41;33;-4
717469;-13;-17;426;-38;12;8
717923;-2;-11;460;6;13;0
718373;20;-11;441;-85;23;-10
718824;-9;-2;460;26;-93;-8
719275;9;-4;427;-1;25;-6
719728;18;8;524;21;5;-9
720188;6;-3;474;31;18;-10
720638;5;-9;421;6;30;6
721089;4;-19;416;-11;30;5
721541;-2;-11;486;14;-14;-4
721991;-16;1;467;-23;13;1
722442;13;-9;514;17;24;1
722892;0;-5;531;32;-12;-1
723346;-17;-12;495;-52;7;4
723796;16;3;552;-31;21;-2
724247;-3;-6;512;-60;31;-2
724707;8;-4;488;14;-22;-3
725157;11;16;522;37;-56;4
725608;-19;-12;460;51;-10;9
726062;-18;28;426;9;28;-20
726512;-4;16;508;50;-41;-14
726963;-37;7;403;-65;-8;0
727413;-27;6;349;-59;-5;32
727864;13;-5;447;70;-92;29
728314;-24;38;507;-45;0;-2
728766;21;-16;494;-189;-23;5
729217;15;-5;535;-27;-5;-21
729676;-62;31;515;62;18;-11
730128;-27;9;747;153;-44;-10
730578;-15;-5;611;0;15;4
731029;-80;27;523;-72;94;-15
731483;-39;-1;397;37;-53;-14
731933;-40;9;411;-12;-32;-3
732385;-7;36;479;-26;-65;4
732837;-21;51;440;-97;-38;-3
733288;19;-9;420;53;-23;-26
733740;-37;15;494;69;-11;4
734201;-5;-5;652;0;22;-16
734652;12;0;282;-6;-21;17
735104;21;-8;478;0;-22;-4
735554;-2;-4;508;3;-2;-7
736005;1;-2;492;0;0;-3
736455;-2;-3;504;0;-3;-2
736906;1;-3;494;-5;-9;-1
737356;2;-3;498;0;0;-2
737807;2;-4;498;0;1;-2
738256;2;-3;498;1;0;-2
738707;1;-3;499;1;0;-1
739167;7;2;496;-2;-3;0
739617;-14;-12;493;3;1;1
740071;13;7;497;29;30;-8
740521;-3;-6;497;3;3;-1
740972;3;-1;500;8;9;3
741423;-6;-8;500;-6;-7;0
741873;21;7;501;-8;-17;4
742324;-2;-7;496;1;0;-3
742776;-3;-6;502;5;7;-3
743227;13;6;499;1;-1;-4
